3, 15, 2008, 3.540574
3, 16, 2008, 3.540574
3, 17, 2008, 3.538964
3, 18, 2008, 3.54357
3, 19, 2008, 3.539943
3, 20, 2008, 3.535526
3, 21, 2008, 3.536458
3, 22, 2008, 3.536458
3, 23, 2008, 3.536458
3, 24, 2008, 3.534008
3, 25, 2008, 3.529238
3, 26, 2008, 3.529364
3, 27, 2008, 3.528668
3, 28, 2008, 3.529319
3, 29, 2008, 3.529319
3, 30, 2008, 3.529319
3, 31, 2008, 3.529319
4, 01, 2008, 3.519486
4, 02, 2008, 3.503855
4, 03, 2008, 3.483316
4, 04, 2008, 3.477166
4, 05, 2008, 3.477166
4, 06, 2008, 3.477166
4, 07, 2008, 3.474016
4, 08, 2008, 3.456791
4, 09, 2008, 3.45631
4, 10, 2008, 3.45422
4, 11, 2008, 3.430084
4, 12, 2008, 3.430084
4, 13, 2008, 3.430084
4, 14, 2008, 3.424455
4, 15, 2008, 3.40273
4, 16, 2008, 3.412273
4, 17, 2008, 3.421644
4, 18, 2008, 3.42759
4, 19, 2008, 3.42759
4, 20, 2008, 3.42759
4, 21, 2008, 3.42759
4, 22, 2008, 3.414284
4, 23, 2008, 3.414692
4, 24, 2008, 3.412788
4, 25, 2008, 3.433126
4, 26, 2008, 3.433126
4, 27, 2008, 3.433126
4, 28, 2008, 3.436008
4, 29, 2008, 3.43663
4, 30, 2008, 3.460838
5, 01, 2008, 3.453626
5, 02, 2008, 3.462032
5, 03, 2008, 3.462032
5, 04, 2008, 3.462032
5, 05, 2008, 3.440987
5, 06, 2008, 3.444434
5, 07, 2008, 3.436712
5, 08, 2008, 3.414005
5, 09, 2008, 3.409464
5, 10, 2008, 3.409464
5, 11, 2008, 3.409464
5, 12, 2008, 3.390013
5, 13, 2008, 3.383835
5, 14, 2008, 3.384955
5, 15, 2008, 3.391907
5, 16, 2008, 3.394856
5, 17, 2008, 3.394856
5, 18, 2008, 3.394856
5, 19, 2008, 3.382466
5, 20, 2008, 3.385516
5, 21, 2008, 3.382626
5, 22, 2008, 3.409845
5, 23, 2008, 3.413485
5, 24, 2008, 3.413485
5, 25, 2008, 3.413485
5, 26, 2008, 3.412024
5, 27, 2008, 3.393697
5, 28, 2008, 3.400908
5, 29, 2008, 3.397407
5, 30, 2008, 3.378975
5, 31, 2008, 3.374977
6, 01, 2008, 3.374977
6, 02, 2008, 3.373341
6, 03, 2008, 3.385638
6, 04, 2008, 3.375851
6, 05, 2008, 3.378672
6, 06, 2008, 3.385366
6, 07, 2008, 3.385366
6, 08, 2008, 3.385366
6, 09, 2008, 3.385366
6, 10, 2008, 3.380322
6, 11, 2008, 3.38399
6, 12, 2008, 3.387303
6, 13, 2008, 3.396934
6, 14, 2008, 3.396934
6, 15, 2008, 3.396934
6, 16, 2008, 3.388321
6, 17, 2008, 3.388306
6, 18, 2008, 3.381977
6, 19, 2008, 3.373639
6, 20, 2008, 3.370433
6, 21, 2008, 3.370433
6, 22, 2008, 3.370433
6, 23, 2008, 3.371317
6, 24, 2008, 3.360505
6, 25, 2008, 3.366722
6, 26, 2008, 3.353346
6, 27, 2008, 3.365984
6, 28, 2008, 3.365984
6, 29, 2008, 3.365984
6, 30, 2008, 3.353082
7, 01, 2008, 3.353656
7, 02, 2008, 3.353299
7, 03, 2008, 3.351904
7, 04, 2008, 3.332307
7, 05, 2008, 3.332307
7, 06, 2008, 3.332307
7, 07, 2008, 3.314995
7, 08, 2008, 3.287998
7, 09, 2008, 3.290782
7, 10, 2008, 3.276224
7, 11, 2008, 3.273047
7, 12, 2008, 3.273047
7, 13, 2008, 3.273047
7, 14, 2008, 3.271935
7, 15, 2008, 3.254003
7, 16, 2008, 3.2403
7, 17, 2008, 3.214228
7, 18, 2008, 3.225932
7, 19, 2008, 3.225932
7, 20, 2008, 3.225932
7, 21, 2008, 3.213958
7, 22, 2008, 3.22293
7, 23, 2008, 3.24275
7, 24, 2008, 3.257269
7, 25, 2008, 3.221857
7, 26, 2008, 3.221857
7, 27, 2008, 3.221857
7, 28, 2008, 3.205002
7, 29, 2008, 3.198637
7, 30, 2008, 3.207763
7, 31, 2008, 3.205357
8, 01, 2008, 3.21548
8, 02, 2008, 3.21548
8, 03, 2008, 3.21548
8, 04, 2008, 3.205049
8, 05, 2008, 3.207218
8, 06, 2008, 3.223753
8, 07, 2008, 3.239816
8, 08, 2008, 3.244017
8, 09, 2008, 3.244017
8, 10, 2008, 3.244017
8, 11, 2008, 3.27598
8, 12, 2008, 3.278513
8, 13, 2008, 3.265769
8, 14, 2008, 3.305028
8, 15, 2008, 3.322278
8, 16, 2008, 3.322278
8, 17, 2008, 3.322278
8, 18, 2008, 3.330747
8, 19, 2008, 3.310007
8, 20, 2008, 3.318335
8, 21, 2008, 3.316946
8, 22, 2008, 3.300058
8, 23, 2008, 3.300058
8, 24, 2008, 3.300058
8, 25, 2008, 3.297823
8, 26, 2008, 3.302479
8, 27, 2008, 3.32284
8, 28, 2008, 3.33679
8, 29, 2008, 3.350045
8, 30, 2008, 3.350045
8, 31, 2008, 3.350045
9, 01, 2008, 3.345035
9, 02, 2008, 3.343607
9, 03, 2008, 3.347026
9, 04, 2008, 3.372376
9, 05, 2008, 3.403036
9, 06, 2008, 3.403036
9, 07, 2008, 3.403036
9, 08, 2008, 3.450739
9, 09, 2008, 3.482012
9, 10, 2008, 3.45669
9, 11, 2008, 3.397849
9, 12, 2008, 3.392354
9, 13, 2008, 3.392354
9, 14, 2008, 3.392354
9, 15, 2008, 3.330975
9, 16, 2008, 3.354515
9, 17, 2008, 3.323645
9, 18, 2008, 3.373797
9, 19, 2008, 3.348467
9, 20, 2008, 3.348467
9, 21, 2008, 3.348467
9, 22, 2008, 3.286013
9, 23, 2008, 3.292998
9, 24, 2008, 3.304718
9, 25, 2008, 3.333361
9, 26, 2008, 3.335198
9, 27, 2008, 3.335198
9, 28, 2008, 3.335198
9, 29, 2008, 3.362402
9, 30, 2008, 3.385846
10, 01, 2008, 3.394842
10, 02, 2008, 3.399558
10, 03, 2008, 3.42331
10, 04, 2008, 3.42331
10, 05, 2008, 3.42331
10, 06, 2008, 3.402513
10, 07, 2008, 3.459961
10, 08, 2008, 3.430346
10, 09, 2008, 3.495598
10, 10, 2008, 3.507174
10, 11, 2008, 3.507174
10, 12, 2008, 3.507174
10, 13, 2008, 3.59133
10, 14, 2008, 3.558973
10, 15, 2008, 3.4656
10, 16, 2008, 3.510663
10, 17, 2008, 3.569182
10, 18, 2008, 3.569182
10, 19, 2008, 3.569182
10, 20, 2008, 3.547476
10, 21, 2008, 3.574741
10, 22, 2008, 3.664367
10, 23, 2008, 3.664367
10, 24, 2008, 3.664367
10, 25, 2008, 3.664367
10, 26, 2008, 3.664367
10, 27, 2008, 3.83505
10, 28, 2008, 3.803519
10, 29, 2008, 3.69034
10, 30, 2008, 3.549012
10, 31, 2008, 3.608317
11, 01, 2008, 3.608317
11, 02, 2008, 3.608317
11, 03, 2008, 3.546634
11, 04, 2008, 3.499523
11, 05, 2008, 3.524841
11, 06, 2008, 3.52473
11, 07, 2008, 3.614003
11, 08, 2008, 3.614003
11, 09, 2008, 3.614003
11, 10, 2008, 3.640021
11, 11, 2008, 3.748489
11, 12, 2008, 3.787955
11, 13, 2008, 3.784295
11, 14, 2008, 3.743205
11, 15, 2008, 3.743205
11, 16, 2008, 3.743205
11, 17, 2008, 3.713496
11, 18, 2008, 3.787642
11, 19, 2008, 3.825785
11, 20, 2008, 3.820934
11, 21, 2008, 3.830002
11, 22, 2008, 3.830002
11, 23, 2008, 3.830002
11, 24, 2008, 3.874943
11, 25, 2008, 3.844216
11, 26, 2008, 3.791166
11, 27, 2008, 3.771213
11, 28, 2008, 3.763042
11, 29, 2008, 3.763042
11, 30, 2008, 3.763042
12, 01, 2008, 3.790301
12, 02, 2008, 3.80401
12, 03, 2008, 3.85703
12, 04, 2008, 3.861471
12, 05, 2008, 3.858634
12, 06, 2008, 3.858634
12, 07, 2008, 3.858634
12, 08, 2008, 3.877503
12, 09, 2008, 3.91236
12, 10, 2008, 3.93838
12, 11, 2008, 3.949576
12, 12, 2008, 3.909548
12, 13, 2008, 3.909548
12, 14, 2008, 3.909548
12, 15, 2008, 3.948428
12, 16, 2008, 3.983835
12, 17, 2008, 4.085779
12, 18, 2008, 4.104911
12, 19, 2008, 4.098374
12, 20, 2008, 4.098374
12, 21, 2008, 4.098374
12, 22, 2008, 4.104841
12, 23, 2008, 4.12536
12, 24, 2008, 4.102186
12, 25, 2008, 4.084055
12, 26, 2008, 4.117532
12, 27, 2008, 4.117532
12, 28, 2008, 4.117532
12, 29, 2008, 4.08311
12, 30, 2008, 4.137638
12, 31, 2008, 4.175722
1, 01, 2009, 4.128717
1, 02, 2009, 4.124978
1, 03, 2009, 4.124978
1, 04, 2009, 4.124978
1, 05, 2009, 4.168708
1, 06, 2009, 4.086618
1, 07, 2009, 3.959949
1, 08, 2009, 4.022078
1, 09, 2009, 4.039798
1, 10, 2009, 4.039798
1, 11, 2009, 4.039798
1, 12, 2009, 4.0262
1, 13, 2009, 4.085306
1, 14, 2009, 4.143728
1, 15, 2009, 4.171861
1, 16, 2009, 4.203742
1, 17, 2009, 4.203742
1, 18, 2009, 4.203742
1, 19, 2009, 4.27676
1, 20, 2009, 4.316646
1, 21, 2009, 4.356994
1, 22, 2009, 4.326011
1, 23, 2009, 4.365264
1, 24, 2009, 4.365264
1, 25, 2009, 4.365264
1, 26, 2009, 4.38584
1, 27, 2009, 4.396168
1, 28, 2009, 4.389597
1, 29, 2009, 4.36042
1, 30, 2009, 4.396476
1, 31, 2009, 4.396476
2, 01, 2009, 4.396476
2, 02, 2009, 4.46103
2, 03, 2009, 4.488024
2, 04, 2009, 4.647688
2, 05, 2009, 4.65073
2, 06, 2009, 4.607315
2, 07, 2009, 4.607315
2, 08, 2009, 4.607315
2, 09, 2009, 4.529709
2, 10, 2009, 4.430929
2, 11, 2009, 4.538348
2, 12, 2009, 4.619335
2, 13, 2009, 4.639936
2, 14, 2009, 4.639936
2, 15, 2009, 4.639936
2, 16, 2009, 4.828338
2, 17, 2009, 4.834953
2, 18, 2009, 4.880781
2, 19, 2009, 4.779067
2, 20, 2009, 4.766247
2, 21, 2009, 4.766247
2, 22, 2009, 4.766247
2, 23, 2009, 4.754497
2, 24, 2009, 4.633529
2, 25, 2009, 4.621913
2, 26, 2009, 4.699668
2, 27, 2009, 4.715485
2, 28, 2009, 4.715485
3, 01, 2009, 4.715485
3, 02, 2009, 4.65746
3, 03, 2009, 4.769498
3, 04, 2009, 4.773427
3, 05, 2009, 4.686706
3, 06, 2009, 4.744784
3, 07, 2009, 4.744784
3, 08, 2009, 4.744784
3, 09, 2009, 4.740204
3, 10, 2009, 4.745455
3, 11, 2009, 4.658091
3, 12, 2009, 4.619846
3, 13, 2009, 4.516918
3, 14, 2009, 4.516918
3, 15, 2009, 4.516918
3, 16, 2009, 4.48164
3, 17, 2009, 4.458796
3, 18, 2009, 4.520774
3, 19, 2009, 4.502007
3, 20, 2009, 4.623292
3, 21, 2009, 4.623292
3, 22, 2009, 4.623292
3, 23, 2009, 4.58591
3, 24, 2009, 4.541712
3, 25, 2009, 4.531138
3, 26, 2009, 4.578874
3, 27, 2009, 4.562734
3, 28, 2009, 4.562734
3, 29, 2009, 4.562734
3, 30, 2009, 4.6808
3, 31, 2009, 4.724518
4, 01, 2009, 4.647275
4, 02, 2009, 4.49693
4, 03, 2009, 4.40748
4, 04, 2009, 4.40748
4, 05, 2009, 4.40748
4, 06, 2009, 4.452658
4, 07, 2009, 4.457927
4, 08, 2009, 4.48421
4, 09, 2009, 4.347308
4, 10, 2009, 4.347308
4, 11, 2009, 4.347308
4, 12, 2009, 4.347308
4, 13, 2009, 4.32766
4, 14, 2009, 4.235688
4, 15, 2009, 4.275467
4, 16, 2009, 4.269868
4, 17, 2009, 4.269868
4, 18, 2009, 4.269868
4, 19, 2009, 4.269868
4, 20, 2009, 4.308677
4, 21, 2009, 4.417626
4, 22, 2009, 4.374625
4, 23, 2009, 4.405387
4, 24, 2009, 4.405387
4, 25, 2009, 4.405387
4, 26, 2009, 4.405387
4, 27, 2009, 4.481497
4, 28, 2009, 4.559841
4, 29, 2009, 4.482811
4, 30, 2009, 4.397246
5, 01, 2009, 4.423813
5, 02, 2009, 4.423813
5, 03, 2009, 4.423813
5, 04, 2009, 4.394066
5, 05, 2009, 4.364718
5, 06, 2009, 4.361599
5, 07, 2009, 4.361599
5, 08, 2009, 4.371538
5, 09, 2009, 4.355975
5, 10, 2009, 4.355975
5, 11, 2009, 4.354567
5, 12, 2009, 4.380964
5, 13, 2009, 4.394967
5, 14, 2009, 4.462635
5, 15, 2009, 4.471211
5, 16, 2009, 4.473999
5, 17, 2009, 4.473999
5, 18, 2009, 4.469389
5, 19, 2009, 4.421171
5, 20, 2009, 4.366971
5, 21, 2009, 4.345471
5, 22, 2009, 4.406668
5, 23, 2009, 4.406668
5, 24, 2009, 4.406668
5, 25, 2009, 4.402968
5, 26, 2009, 4.40991
5, 27, 2009, 4.413069
5, 28, 2009, 4.43154
5, 29, 2009, 4.545477
5, 30, 2009, 4.545477
5, 31, 2009, 4.545477
6, 01, 2009, 4.496338
6, 02, 2009, 4.464793
6, 03, 2009, 4.465297
6, 04, 2009, 4.534061
6, 05, 2009, 4.496376
6, 06, 2009, 4.496376
6, 07, 2009, 4.496376
6, 08, 2009, 4.555
6, 09, 2009, 4.52869
6, 10, 2009, 4.481208
6, 11, 2009, 4.489616
6, 12, 2009, 4.466283
6, 13, 2009, 4.466283
6, 14, 2009, 4.466283
6, 15, 2009, 4.4625
6, 16, 2009, 4.534766
6, 17, 2009, 4.493326
6, 18, 2009, 4.532625
6, 19, 2009, 4.492286
6, 20, 2009, 4.492286
6, 21, 2009, 4.492286
6, 22, 2009, 4.531107
6, 23, 2009, 4.539641
6, 24, 2009, 4.546986
6, 25, 2009, 4.53294
6, 26, 2009, 4.501739
6, 27, 2009, 4.511436
6, 28, 2009, 4.501739
6, 29, 2009, 4.509095
6, 30, 2009, 4.485882
7, 01, 2009, 4.485882
7, 02, 2009, 4.361914
7, 03, 2009, 4.368883
7, 04, 2009, 4.368883
7, 05, 2009, 4.368883
7, 06, 2009, 4.355959
7, 07, 2009, 4.355959
7, 08, 2009, 4.415627
7, 09, 2009, 4.437358
7, 10, 2009, 4.351837
7, 11, 2009, 4.374594
7, 12, 2009, 4.373079
7, 13, 2009, 4.377754
7, 14, 2009, 4.384104
7, 15, 2009, 4.326713
7, 16, 2009, 4.284708
7, 17, 2009, 4.318437
7, 18, 2009, 4.330009
7, 19, 2009, 4.331284
7, 20, 2009, 4.334823
7, 21, 2009, 4.270559
7, 22, 2009, 4.284955
7, 23, 2009, 4.261203
7, 24, 2009, 4.219975
7, 25, 2009, 4.196615
7, 26, 2009, 4.194325
7, 27, 2009, 4.194325
7, 28, 2009, 4.172837
7, 29, 2009, 4.183036
7, 30, 2009, 4.196505
7, 31, 2009, 4.160253
8, 01, 2009, 4.142273
8, 02, 2009, 4.152065
8, 03, 2009, 4.152065
8, 04, 2009, 4.085306
8, 05, 2009, 4.095072
8, 06, 2009, 4.116319
8, 07, 2009, 4.158065
8, 08, 2009, 4.091505
8, 09, 2009, 4.091985
8, 10, 2009, 4.091985
8, 11, 2009, 4.124245
8, 12, 2009, 4.178099
8, 13, 2009, 4.145289
8, 14, 2009, 4.118983
8, 15, 2009, 4.150014
8, 16, 2009, 4.150014
8, 17, 2009, 4.178814
8, 18, 2009, 4.180822
8, 19, 2009, 4.157664
8, 20, 2009, 4.150892
8, 21, 2009, 4.142167
8, 22, 2009, 4.108133
8, 23, 2009, 4.107045
8, 24, 2009, 4.107045
8, 25, 2009, 4.105524
8, 26, 2009, 4.082781
8, 27, 2009, 4.122464
8, 28, 2009, 4.116471
8, 29, 2009, 4.087398
8, 30, 2009, 4.091823
8, 31, 2009, 4.083055
9, 01, 2009, 4.095746
9, 02, 2009, 4.173397
9, 03, 2009, 4.153745
9, 04, 2009, 4.120486
9, 05, 2009, 4.093794
9, 06, 2009, 4.120989
9, 07, 2009, 4.089283
9, 08, 2009, 4.095072
9, 09, 2009, 4.083976
9, 10, 2009, 4.115571
9, 11, 2009, 4.146137
9, 12, 2009, 4.170906
9, 13, 2009, 4.169005
9, 14, 2009, 4.173672
9, 15, 2009, 4.195197
9, 16, 2009, 4.144699
9, 17, 2009, 4.119205
9, 18, 2009, 4.130902
9, 19, 2009, 4.137997
9, 20, 2009, 4.135492
9, 21, 2009, 4.135492
9, 22, 2009, 4.168398
9, 23, 2009, 4.166537
9, 24, 2009, 4.179794
9, 25, 2009, 4.18926
9, 26, 2009, 4.214168
9, 27, 2009, 4.201025
9, 28, 2009, 4.201025
9, 29, 2009, 4.196971
9, 30, 2009, 4.234017
10, 01, 2009, 4.207976
10, 02, 2009, 4.25195
10, 03, 2009, 4.226968
10, 04, 2009, 4.231249
10, 05, 2009, 4.244086
10, 06, 2009, 4.205029
10, 07, 2009, 4.177822
10, 08, 2009, 4.234015
10, 09, 2009, 4.240831
10, 10, 2009, 4.279625
10, 11, 2009, 4.246685
10, 12, 2009, 4.246685
10, 13, 2009, 4.221614
10, 14, 2009, 4.219921
10, 15, 2009, 4.216452
10, 16, 2009, 4.185762
10, 17, 2009, 4.211796
10, 18, 2009, 4.211914
10, 19, 2009, 4.211914
10, 20, 2009, 4.164598
10, 21, 2009, 4.169909
10, 22, 2009, 4.162287
10, 23, 2009, 4.171675
10, 24, 2009, 4.175808
10, 25, 2009, 4.177728
10, 26, 2009, 4.177728
10, 27, 2009, 4.18887
10, 28, 2009, 4.231774
10, 29, 2009, 4.28069
10, 30, 2009, 4.232725
10, 31, 2009, 4.256636
11, 01, 2009, 4.259472
11, 02, 2009, 4.259472
11, 03, 2009, 4.268905
11, 04, 2009, 4.298609
11, 05, 2009, 4.252211
11, 06, 2009, 4.257592
11, 07, 2009, 4.244943
11, 08, 2009, 4.239549
11, 09, 2009, 4.239549
11, 10, 2009, 4.194552
11, 11, 2009, 4.172883
11, 12, 2009, 4.1398
11, 13, 2009, 4.132446
11, 14, 2009, 4.104137
11, 15, 2009, 4.102478
11, 16, 2009, 4.102478
11, 17, 2009, 4.090715
11, 18, 2009, 4.106055
11, 19, 2009, 4.102635
11, 20, 2009, 4.135658
11, 21, 2009, 4.145636
11, 22, 2009, 4.144289
11, 23, 2009, 4.144289
11, 24, 2009, 4.124018
11, 25, 2009, 4.123802
11, 26, 2009, 4.100707
11, 27, 2009, 4.150155
11, 28, 2009, 4.143341
11, 29, 2009, 4.151805
11, 30, 2009, 4.151805
12, 01, 2009, 4.166804
12, 02, 2009, 4.116919
12, 03, 2009, 4.107853
12, 04, 2009, 4.097536
12, 05, 2009, 4.062033
12, 06, 2009, 4.060988
12, 07, 2009, 4.060988
12, 08, 2009, 4.072617
12, 09, 2009, 4.127194
12, 10, 2009, 4.161531
12, 11, 2009, 4.150888
12, 12, 2009, 4.158252
12, 13, 2009, 4.159641
12, 14, 2009, 4.159641
12, 15, 2009, 4.150786
12, 16, 2009, 4.210947
12, 17, 2009, 4.177853
12, 18, 2009, 4.203956
12, 19, 2009, 4.208858
12, 20, 2009, 4.203663
12, 21, 2009, 4.203663
12, 22, 2009, 4.198618
12, 23, 2009, 4.1825
12, 24, 2009, 4.161145
12, 25, 2009, 4.148325
12, 26, 2009, 4.150008
12, 27, 2009, 4.150013
12, 28, 2009, 4.150013
12, 29, 2009, 4.15459
12, 30, 2009, 4.14126
12, 31, 2009, 4.13174
1, 01, 2010, 4.108323
1, 02, 2010, 4.101552
1, 03, 2010, 4.101586
1, 04, 2010, 4.101586
1, 05, 2010, 4.081424
1, 06, 2010, 4.095504
1, 07, 2010, 4.098572
1, 08, 2010, 4.115572
1, 09, 2010, 4.070704
1, 10, 2010, 4.06451
1, 11, 2010, 4.06451
1, 12, 2010, 4.063113
1, 13, 2010, 4.072635
1, 14, 2010, 4.057184
1, 15, 2010, 4.051996
1, 16, 2010, 4.042357
1, 17, 2010, 4.050719
1, 18, 2010, 4.050647
1, 19, 2010, 4.018214
1, 20, 2010, 4.010843
1, 21, 2010, 4.053304
1, 22, 2010, 4.084843
1, 23, 2010, 4.089661
1, 24, 2010, 4.094762
1, 25, 2010, 4.094675
1, 26, 2010, 4.073864
1, 27, 2010, 4.075504
1, 28, 2010, 4.096702
1, 29, 2010, 4.080189
1, 30, 2010, 4.041446
1, 31, 2010, 4.05393
2, 01, 2010, 4.050326
2, 02, 2010, 3.983595
2, 03, 2010, 3.98228
2, 04, 2010, 4.008678
2, 05, 2010, 4.076494
2, 06, 2010, 4.103461
2, 07, 2010, 4.104113
2, 08, 2010, 4.104113
2, 09, 2010, 4.088343
2, 10, 2010, 4.061039
2, 11, 2010, 4.061148
2, 12, 2010, 4.019053
2, 13, 2010, 4.016866
2, 14, 2010, 4.021134
2, 15, 2010, 4.021134
2, 16, 2010, 4.027948
2, 17, 2010, 3.986806
2, 18, 2010, 3.986864
2, 19, 2010, 3.99444
2, 20, 2010, 3.992806
2, 21, 2010, 4.005442
2, 22, 2010, 4.005442
2, 23, 2010, 3.961603
2, 24, 2010, 3.98727
2, 25, 2010, 3.982099
2, 26, 2010, 4.003693
2, 27, 2010, 3.946646
2, 28, 2010, 3.972026
3, 01, 2010, 3.972026
3, 02, 2010, 3.927954
3, 03, 2010, 3.913492
3, 04, 2010, 3.90503
3, 05, 2010, 3.898928
3, 06, 2010, 3.877374
3, 07, 2010, 3.878426
3, 08, 2010, 3.882508
3, 09, 2010, 3.871824
3, 10, 2010, 3.869035
3, 11, 2010, 3.881322
3, 12, 2010, 3.904436
3, 13, 2010, 3.88412
3, 14, 2010, 3.885042
3, 15, 2010, 3.884358
3, 16, 2010, 3.896645
3, 17, 2010, 3.876554
3, 18, 2010, 3.864859
3, 19, 2010, 3.878682
3, 20, 2010, 3.888065
3, 21, 2010, 3.888065
3, 22, 2010, 3.887339
3, 23, 2010, 3.894538
3, 24, 2010, 3.889113
3, 25, 2010, 3.88391
3, 26, 2010, 3.87742
3, 27, 2010, 3.911346
3, 28, 2010, 3.913078
3, 29, 2010, 3.913078
3, 30, 2010, 3.883754
3, 31, 2010, 3.872403
4, 01, 2010, 3.859246
4, 02, 2010, 3.842917
4, 03, 2010, 3.846496
4, 04, 2010, 3.847016
4, 05, 2010, 3.847016
4, 06, 2010, 3.842814
4, 07, 2010, 3.831952
4, 08, 2010, 3.827207
4, 09, 2010, 3.847324
4, 10, 2010, 3.872597
4, 11, 2010, 3.874347
4, 12, 2010, 3.874347
4, 13, 2010, 3.866609
4, 14, 2010, 3.8702
4, 15, 2010, 3.860172
4, 16, 2010, 3.857302
4, 17, 2010, 3.879264
4, 18, 2010, 3.876018
4, 19, 2010, 3.876018
4, 20, 2010, 3.895266
4, 21, 2010, 3.88253
4, 22, 2010, 3.865107
4, 23, 2010, 3.881922
4, 24, 2010, 3.88561
4, 25, 2010, 3.880651
4, 26, 2010, 3.880651
4, 27, 2010, 3.878816
4, 28, 2010, 3.92347
4, 29, 2010, 3.917025
4, 30, 2010, 3.909007
5, 01, 2010, 3.929786
5, 02, 2010, 3.916091
5, 03, 2010, 3.908509
5, 04, 2010, 3.925914
5, 05, 2010, 4.013017
5, 06, 2010, 4.07717
5, 07, 2010, 4.164996
5, 08, 2010, 4.108642
5, 09, 2010, 4.108642
5, 10, 2010, 4.085606
5, 11, 2010, 4.027005
5, 12, 2010, 4.010725
5, 13, 2010, 3.963916
5, 14, 2010, 3.939936
5, 15, 2010, 4.007807
5, 16, 2010, 4.016015
5, 17, 2010, 4.016479
5, 18, 2010, 4.027216
5, 19, 2010, 4.046403
5, 20, 2010, 4.088082
5, 21, 2010, 4.142417
5, 22, 2010, 4.134555
5, 23, 2010, 4.111217
5, 24, 2010, 4.100025
5, 25, 2010, 4.098253
5, 26, 2010, 4.164006
5, 27, 2010, 4.108015
5, 28, 2010, 4.064202
5, 29, 2010, 4.086425
5, 30, 2010, 4.074715
5, 31, 2010, 4.083039
6, 01, 2010, 4.075455
6, 02, 2010, 4.101319
6, 03, 2010, 4.087202
6, 04, 2010, 4.107618
6, 05, 2010, 4.175375
6, 06, 2010, 4.177706
6, 07, 2010, 4.177706
6, 08, 2010, 4.148155
6, 09, 2010, 4.145509
6, 10, 2010, 4.129169
6, 11, 2010, 4.097118
6, 12, 2010, 4.104154
6, 13, 2010, 4.102406
6, 14, 2010, 4.105094
6, 15, 2010, 4.073761
6, 16, 2010, 4.060449
6, 17, 2010, 4.067836
6, 18, 2010, 4.074546
6, 19, 2010, 4.046742
6, 20, 2010, 4.048553
6, 21, 2010, 4.046193
6, 22, 2010, 4.044143
6, 23, 2010, 4.05415
6, 24, 2010, 4.067643
6, 25, 2010, 4.109335
6, 26, 2010, 4.108615
6, 27, 2010, 4.116708
6, 28, 2010, 4.11496
6, 29, 2010, 4.149651
6, 30, 2010, 4.148998
7, 01, 2010, 4.134929
7, 02, 2010, 4.162819
7, 03, 2010, 4.153082
7, 04, 2010, 4.157224
7, 05, 2010, 4.157224
7, 06, 2010, 4.115257
7, 07, 2010, 4.107201
7, 08, 2010, 4.091903
7, 09, 2010, 4.078472
7, 10, 2010, 4.068221
7, 11, 2010, 4.070764
7, 12, 2010, 4.070764
7, 13, 2010, 4.070338
7, 14, 2010, 4.069801
7, 15, 2010, 4.056197
7, 16, 2010, 4.074816
7, 17, 2010, 4.106134
7, 18, 2010, 4.092301
7, 19, 2010, 4.092301
7, 20, 2010, 4.130848
7, 21, 2010, 4.111737
7, 22, 2010, 4.101332
7, 23, 2010, 4.089889
7, 24, 2010, 4.058664
7, 25, 2010, 4.065298
7, 26, 2010, 4.060651
7, 27, 2010, 4.022879
7, 28, 2010, 4.004713
7, 29, 2010, 3.999844
7, 30, 2010, 4.007616
7, 31, 2010, 4.007704
8, 01, 2010, 4.011187
8, 02, 2010, 4.0046
8, 03, 2010, 3.981819
8, 04, 2010, 4.004575
8, 05, 2010, 3.986196
8, 06, 2010, 3.989837
8, 07, 2010, 3.994447
8, 08, 2010, 3.991527
8, 09, 2010, 3.991527
8, 10, 2010, 3.966786
8, 11, 2010, 3.983197
8, 12, 2010, 4.002728
8, 13, 2010, 4.00631
8, 14, 2010, 3.995859
8, 15, 2010, 4.003318
8, 16, 2010, 4.007993
8, 17, 2010, 3.977598
8, 18, 2010, 3.944545
8, 19, 2010, 3.933575
8, 20, 2010, 3.967515
8, 21, 2010, 3.976726
8, 22, 2010, 3.983141
8, 23, 2010, 3.977725
8, 24, 2010, 4.014381
8, 25, 2010, 4.010473
8, 26, 2010, 3.997849
8, 27, 2010, 3.984045
8, 28, 2010, 3.970425
8, 29, 2010, 3.993208
8, 30, 2010, 3.974059
8, 31, 2010, 3.993155
9, 01, 2010, 3.99859
9, 02, 2010, 3.969018
9, 03, 2010, 3.953613
9, 04, 2010, 3.93398
9, 05, 2010, 3.951457
9, 06, 2010, 3.951485
9, 07, 2010, 3.92819
9, 08, 2010, 3.942294
9, 09, 2010, 3.945358
9, 10, 2010, 3.943168
9, 11, 2010, 3.939802
9, 12, 2010, 3.93605
9, 13, 2010, 3.935967
9, 14, 2010, 3.932526
9, 15, 2010, 3.926089
9, 16, 2010, 3.937772
9, 17, 2010, 3.952786
9, 18, 2010, 3.956477
9, 19, 2010, 3.956713
9, 20, 2010, 3.956713
9, 21, 2010, 3.940848
9, 22, 2010, 3.951464
9, 23, 2010, 3.950054
9, 24, 2010, 3.965582
9, 25, 2010, 3.953213
9, 26, 2010, 3.953049
9, 27, 2010, 3.956011
9, 28, 2010, 3.949311
9, 29, 2010, 3.972053
9, 30, 2010, 3.974259
10, 01, 2010, 3.965078
10, 02, 2010, 3.93781
10, 03, 2010, 3.94351
10, 04, 2010, 3.938596
10, 05, 2010, 3.970536
10, 06, 2010, 3.95095
10, 07, 2010, 3.96145
10, 08, 2010, 3.98184
10, 09, 2010, 3.963048
10, 10, 2010, 3.983766
10, 11, 2010, 3.983766
10, 12, 2010, 3.954958
10, 13, 2010, 3.956814
10, 14, 2010, 3.904157
10, 15, 2010, 3.905356
10, 16, 2010, 3.904281
10, 17, 2010, 3.907542
10, 18, 2010, 3.912995
10, 19, 2010, 3.922641
10, 20, 2010, 3.962863
10, 21, 2010, 3.955709
10, 22, 2010, 3.971457
10, 23, 2010, 3.967128
10, 24, 2010, 3.962506
10, 25, 2010, 3.969856
10, 26, 2010, 3.932388
10, 27, 2010, 3.930665
10, 28, 2010, 3.966001
10, 29, 2010, 3.977273
10, 30, 2010, 3.963684
10, 31, 2010, 3.969317
11, 01, 2010, 3.966159
11, 02, 2010, 3.97003
11, 03, 2010, 3.947882
11, 04, 2010, 3.929089
11, 05, 2010, 3.908361
11, 06, 2010, 3.916409
11, 07, 2010, 3.911598
11, 08, 2010, 3.911598
11, 09, 2010, 3.938036
11, 10, 2010, 3.894978
11, 11, 2010, 3.892382
11, 12, 2010, 3.93689
11, 13, 2010, 3.922974
11, 14, 2010, 3.942584
11, 15, 2010, 3.942464
11, 16, 2010, 3.925619
11, 17, 2010, 3.962547
11, 18, 2010, 3.960467
11, 19, 2010, 3.939481
11, 20, 2010, 3.939394
11, 21, 2010, 3.936984
11, 22, 2010, 3.937015
11, 23, 2010, 3.945957
11, 24, 2010, 3.969345
11, 25, 2010, 3.958767
11, 26, 2010, 3.980833
11, 27, 2010, 4.033203
11, 28, 2010, 4.033203
11, 29, 2010, 4.036284
11, 30, 2010, 4.101535
12, 01, 2010, 4.027691
12, 02, 2010, 3.99049
12, 03, 2010, 3.986214
12, 04, 2010, 3.981647
12, 05, 2010, 3.982517
12, 06, 2010, 3.982557
12, 07, 2010, 4.014265
12, 08, 2010, 4.021283
12, 09, 2010, 4.039924
12, 10, 2010, 4.0338
12, 11, 2010, 4.037636
12, 12, 2010, 4.027103
12, 13, 2010, 4.02762
12, 14, 2010, 4.000562
12, 15, 2010, 3.990199
12, 16, 2010, 3.984252
12, 17, 2010, 3.989788
12, 18, 2010, 3.98658
12, 19, 2010, 3.982593
12, 20, 2010, 3.982593
12, 21, 2010, 3.999029
12, 22, 2010, 3.998004
12, 23, 2010, 3.98788
12, 24, 2010, 3.96349
12, 25, 2010, 3.969045
12, 26, 2010, 3.96759
12, 27, 2010, 3.967756
12, 28, 2010, 3.97537
12, 29, 2010, 3.99365
12, 30, 2010, 3.963098
12, 31, 2010, 3.968024
1, 01, 2011, 3.956981
1, 02, 2011, 3.96449
1, 03, 2011, 3.967013
1, 04, 2011, 3.951471
1, 05, 2011, 3.936333
1, 06, 2011, 3.868781
1, 07, 2011, 3.866979
1, 08, 2011, 3.882568
1, 09, 2011, 3.887131
1, 10, 2011, 3.887003
1, 11, 2011, 3.906426
1, 12, 2011, 3.853764
1, 13, 2011, 3.837061
1, 14, 2011, 3.873648
1, 15, 2011, 3.869897
1, 16, 2011, 3.877816
1, 17, 2011, 3.88309
1, 18, 2011, 3.868639
1, 19, 2011, 3.871811
1, 20, 2011, 3.87321
1, 21, 2011, 3.899848
1, 22, 2011, 3.873866
1, 23, 2011, 3.881835
1, 24, 2011, 3.881829
1, 25, 2011, 3.877205
1, 26, 2011, 3.874506
1, 27, 2011, 3.880336
1, 28, 2011, 3.901978
1, 29, 2011, 3.945191
1, 30, 2011, 3.944515
1, 31, 2011, 3.944527
2, 01, 2011, 3.93163
2, 02, 2011, 3.897291
2, 03, 2011, 3.910946
2, 04, 2011, 3.900565
2, 05, 2011, 3.888542
2, 06, 2011, 3.903324
2, 07, 2011, 3.903324
2, 08, 2011, 3.87985
2, 09, 2011, 3.887109
2, 10, 2011, 3.906586
2, 11, 2011, 3.920406
2, 12, 2011, 3.921722
2, 13, 2011, 3.917744
2, 14, 2011, 3.917225
2, 15, 2011, 3.949336
2, 16, 2011, 3.928687
2, 17, 2011, 3.911083
2, 18, 2011, 3.908743
2, 19, 2011, 3.916371
2, 20, 2011, 3.915534
2, 21, 2011, 3.915514
2, 22, 2011, 3.941105
2, 23, 2011, 3.959423
2, 24, 2011, 3.979495
2, 25, 2011, 3.989549
2, 26, 2011, 3.975477
2, 27, 2011, 3.975477
2, 28, 2011, 3.982475
3, 01, 2011, 3.963063
3, 02, 2011, 3.977082
3, 03, 2011, 3.97866
3, 04, 2011, 3.991145
3, 05, 2011, 3.977576
3, 06, 2011, 3.978884
3, 07, 2011, 3.975894
3, 08, 2011, 3.97602
3, 09, 2011, 3.973679
3, 10, 2011, 3.983758
3, 11, 2011, 4.007668
3, 12, 2011, 4.015669
3, 13, 2011, 4.016081
3, 14, 2011, 4.016514
3, 15, 2011, 4.037918
3, 16, 2011, 4.050729
3, 17, 2011, 4.082997
3, 18, 2011, 4.065058
3, 19, 2011, 4.069382
3, 20, 2011, 4.069382
3, 21, 2011, 4.069382
3, 22, 2011, 4.026083
3, 23, 2011, 4.034019
3, 24, 2011, 4.032193
3, 25, 2011, 4.022146
3, 26, 2011, 4.022146
3, 27, 2011, 4.022146
3, 28, 2011, 4.022146
3, 29, 2011, 3.992896
3, 30, 2011, 3.995466
3, 31, 2011, 4.018884
4, 01, 2011, 4.02956
4, 02, 2011, 4.022323
4, 03, 2011, 4.025774
4, 04, 2011, 4.021502
4, 05, 2011, 4.023517
4, 06, 2011, 3.994882
4, 07, 2011, 3.973433
4, 08, 2011, 3.97145
4, 09, 2011, 3.959639
4, 10, 2011, 3.961275
4, 11, 2011, 3.961275
4, 12, 2011, 3.971807
4, 13, 2011, 3.988158
4, 14, 2011, 3.964694
4, 15, 2011, 3.946598
4, 16, 2011, 3.947254
4, 17, 2011, 3.948196
4, 18, 2011, 3.948033
4, 19, 2011, 3.991962
4, 20, 2011, 3.969429
4, 21, 2011, 3.96984
4, 22, 2011, 3.948039
4, 23, 2011, 3.949016
4, 24, 2011, 3.948947
4, 25, 2011, 3.944802
4, 26, 2011, 3.945968
4, 27, 2011, 3.940791
4, 28, 2011, 3.929671
4, 29, 2011, 3.939879
4, 30, 2011, 3.933143
5, 01, 2011, 3.928571
5, 02, 2011, 3.92854
5, 03, 2011, 3.925746
5, 04, 2011, 3.939925
5, 05, 2011, 3.951136
5, 06, 2011, 3.968092
5, 07, 2011, 3.948462
5, 08, 2011, 3.935792
5, 09, 2011, 3.935937
5, 10, 2011, 3.931053
5, 11, 2011, 3.927401
5, 12, 2011, 3.907954
5, 13, 2011, 3.909817
5, 14, 2011, 3.936213
5, 15, 2011, 3.939009
5, 16, 2011, 3.933084
5, 17, 2011, 3.931782
5, 18, 2011, 3.925572
5, 19, 2011, 3.9182
5, 20, 2011, 3.91608
5, 21, 2011, 3.92521
5, 22, 2011, 3.930444
5, 23, 2011, 3.930583
5, 24, 2011, 3.945225
5, 25, 2011, 3.949206
5, 26, 2011, 3.965631
5, 27, 2011, 3.982429
5, 28, 2011, 3.971191
5, 29, 2011, 3.971485
5, 30, 2011, 3.971485
5, 31, 2011, 3.977213
6, 01, 2011, 3.952716
6, 02, 2011, 3.965316
6, 03, 2011, 3.960643
6, 04, 2011, 3.952764
6, 05, 2011, 3.952202
6, 06, 2011, 3.958878
6, 07, 2011, 3.956655
6, 08, 2011, 3.939038
6, 09, 2011, 3.951415
6, 10, 2011, 3.942108
6, 11, 2011, 3.937257
6, 12, 2011, 3.938432
6, 13, 2011, 3.938477
6, 14, 2011, 3.934115
6, 15, 2011, 3.930125
6, 16, 2011, 3.947234
6, 17, 2011, 3.978015
6, 18, 2011, 3.977908
6, 19, 2011, 3.979772
6, 20, 2011, 3.979875
6, 21, 2011, 3.987852
6, 22, 2011, 3.984748
6, 23, 2011, 3.98243
6, 24, 2011, 3.997277
6, 25, 2011, 3.98125
6, 26, 2011, 3.984563
6, 27, 2011, 3.98453
6, 28, 2011, 4.000884
6, 29, 2011, 4.008208
6, 30, 2011, 3.984141
7, 01, 2011, 3.978694
7, 02, 2011, 3.938237
7, 03, 2011, 3.941944
7, 04, 2011, 3.941387
7, 05, 2011, 3.940147
7, 06, 2011, 3.945825
7, 07, 2011, 3.95448
7, 08, 2011, 3.932004
7, 09, 2011, 3.952707
7, 10, 2011, 3.954125
7, 11, 2011, 3.956342
7, 12, 2011, 3.99327
7, 13, 2011, 4.029801
7, 14, 2011, 4.0155
7, 15, 2011, 4.027341
7, 16, 2011, 4.019297
7, 17, 2011, 4.017214
7, 18, 2011, 4.017181
7, 19, 2011, 4.037333
7, 20, 2011, 4.017464
7, 21, 2011, 3.997015
7, 22, 2011, 3.986199
7, 23, 2011, 3.982873
7, 24, 2011, 3.98601
7, 25, 2011, 3.976499
7, 26, 2011, 4.002646
7, 27, 2011, 3.997794
7, 28, 2011, 4.020113
7, 29, 2011, 4.009825
7, 30, 2011, 4.000259
7, 31, 2011, 3.999453
8, 01, 2011, 3.999482
8, 02, 2011, 3.999573
8, 03, 2011, 4.024717
8, 04, 2011, 4.027475
8, 05, 2011, 4.035381
8, 06, 2011, 4.03343
8, 07, 2011, 4.045529
8, 08, 2011, 4.045529
8, 09, 2011, 4.071674
8, 10, 2011, 4.109592
8, 11, 2011, 4.174793
8, 12, 2011, 4.161176
8, 13, 2011, 4.155183
8, 14, 2011, 4.151207
8, 15, 2011, 4.150427
8, 16, 2011, 4.145172
8, 17, 2011, 4.150004
8, 18, 2011, 4.145365
8, 19, 2011, 4.187897
8, 20, 2011, 4.191743
8, 21, 2011, 4.184076
8, 22, 2011, 4.184076
8, 23, 2011, 4.174114
8, 24, 2011, 4.152205
8, 25, 2011, 4.165201
8, 26, 2011, 4.161542
8, 27, 2011, 4.153433
8, 28, 2011, 4.166787
8, 29, 2011, 4.153717
8, 30, 2011, 4.15658
8, 31, 2011, 4.157114
9, 01, 2011, 4.129978
9, 02, 2011, 4.147196
9, 03, 2011, 4.190022
9, 04, 2011, 4.188418
9, 05, 2011, 4.188418
9, 06, 2011, 4.218941
9, 07, 2011, 4.230402
9, 08, 2011, 4.208224
9, 09, 2011, 4.260625
9, 10, 2011, 4.294259
9, 11, 2011, 4.287656
9, 12, 2011, 4.300341
9, 13, 2011, 4.334325
9, 14, 2011, 4.328688
9, 15, 2011, 4.388402
9, 16, 2011, 4.329123
9, 17, 2011, 4.291525
9, 18, 2011, 4.304782
9, 19, 2011, 4.30454
9, 20, 2011, 4.377139
9, 21, 2011, 4.373904
9, 22, 2011, 4.426437
9, 23, 2011, 4.519319
9, 24, 2011, 4.374966
9, 25, 2011, 4.405611
9, 26, 2011, 4.405611
9, 27, 2011, 4.433124
9, 28, 2011, 4.385355
9, 29, 2011, 4.455129
9, 30, 2011, 4.429093
10, 01, 2011, 4.418365
10, 02, 2011, 4.425487
10, 03, 2011, 4.42554
10, 04, 2011, 4.388988
10, 05, 2011, 4.404396
10, 06, 2011, 4.38685
10, 07, 2011, 4.387937
10, 08, 2011, 4.38203
10, 09, 2011, 4.379025
10, 10, 2011, 4.369579
10, 11, 2011, 4.304358
10, 12, 2011, 4.322955
10, 13, 2011, 4.288752
10, 14, 2011, 4.306329
10, 15, 2011, 4.297674
10, 16, 2011, 4.300208
10, 17, 2011, 4.308553
10, 18, 2011, 4.353672
10, 19, 2011, 4.350538
10, 20, 2011, 4.343748
10, 21, 2011, 4.401956
10, 22, 2011, 4.391326
10, 23, 2011, 4.393851
10, 24, 2011, 4.393813
10, 25, 2011, 4.371608
10, 26, 2011, 4.37406
10, 27, 2011, 4.380472
10, 28, 2011, 4.297226
10, 29, 2011, 4.334943
10, 30, 2011, 4.331673
10, 31, 2011, 4.331723
11, 01, 2011, 4.370176
11, 02, 2011, 4.445159
11, 03, 2011, 4.383986
11, 04, 2011, 4.365167
11, 05, 2011, 4.358668
11, 06, 2011, 4.364981
11, 07, 2011, 4.365106
11, 08, 2011, 4.372955
11, 09, 2011, 4.359611
11, 10, 2011, 4.396975
11, 11, 2011, 4.401181
11, 12, 2011, 4.387931
11, 13, 2011, 4.386006
11, 14, 2011, 4.385603
11, 15, 2011, 4.393203
11, 16, 2011, 4.43758
11, 17, 2011, 4.437841
11, 18, 2011, 4.415086
11, 19, 2011, 4.425738
11, 20, 2011, 4.421551
11, 22, 2011, 4.457488
11, 23, 2011, 4.462284
11, 24, 2011, 4.492409
11, 25, 2011, 4.493772
11, 26, 2011, 4.535275
11, 27, 2011, 4.537557
11, 28, 2011, 4.537557
11, 29, 2011, 4.537733
11, 30, 2011, 4.525941
12, 01, 2011, 4.504849
12, 02, 2011, 4.493912
12, 03, 2011, 4.492748
12, 04, 2011, 4.480503
12, 05, 2011, 4.480465
12, 06, 2011, 4.444474
12, 07, 2011, 4.476815
12, 08, 2011, 4.474301
12, 09, 2011, 4.518128
12, 10, 2011, 4.509112
12, 11, 2011, 4.513106
12, 12, 2011, 4.513037
12, 13, 2011, 4.561973
12, 14, 2011, 4.558261
12, 15, 2011, 4.556308
12, 16, 2011, 4.525074
12, 17, 2011, 4.505175
12, 18, 2011, 4.498434
12, 19, 2011, 4.498434
12, 20, 2011, 4.485475
12, 21, 2011, 4.452549
12, 22, 2011, 4.452383
12, 23, 2011, 4.43772
12, 24, 2011, 4.439895
12, 25, 2011, 4.4423
12, 26, 2011, 4.442372
12, 27, 2011, 4.448933
12, 28, 2011, 4.398342
12, 29, 2011, 4.398091
12, 30, 2011, 4.411358
12, 31, 2011, 4.464891
1, 01, 2012, 4.455143
1, 02, 2012, 4.455143
1, 03, 2012, 4.469487
1, 04, 2012, 4.460317
1, 05, 2012, 4.493766
1, 06, 2012, 4.504689
1, 07, 2012, 4.489077
1, 08, 2012, 4.490445
1, 09, 2012, 4.49046
1, 10, 2012, 4.492327
1, 11, 2012, 4.458309
1, 12, 2012, 4.461004
1, 13, 2012, 4.413793
1, 14, 2012, 4.412044
1, 15, 2012, 4.411093
1, 16, 2012, 4.411127
1, 17, 2012, 4.405258
1, 18, 2012, 4.357968
1, 19, 2012, 4.349509
1, 20, 2012, 4.313781
1, 21, 2012, 4.309702
1, 22, 2012, 4.309537
1, 23, 2012, 4.318082
1, 24, 2012, 4.278992
1, 25, 2012, 4.27639
1, 26, 2012, 4.287696
1, 27, 2012, 4.234686
1, 28, 2012, 4.233222
1, 29, 2012, 4.228334
1, 30, 2012, 4.228415
1, 31, 2012, 4.255325
2, 01, 2012, 4.240361
2, 02, 2012, 4.186691
2, 03, 2012, 4.186558
2, 04, 2012, 4.178231
2, 05, 2012, 4.175045
2, 06, 2012, 4.174973
2, 07, 2012, 4.16931
2, 08, 2012, 4.173884
2, 09, 2012, 4.178543
2, 10, 2012, 4.195469
2, 11, 2012, 4.227968
2, 12, 2012, 4.219765
2, 13, 2012, 4.210488
2, 14, 2012, 4.185373
2, 15, 2012, 4.185478
2, 16, 2012, 4.194688
2, 17, 2012, 4.202479
2, 18, 2012, 4.191766
2, 19, 2012, 4.183716
2, 20, 2012, 4.187327
2, 21, 2012, 4.171904
2, 22, 2012, 4.178335
2, 23, 2012, 4.198014
2, 24, 2012, 4.177026
2, 25, 2012, 4.169292
2, 26, 2012, 4.164358
2, 27, 2012, 4.164437
2, 28, 2012, 4.165146
2, 29, 2012, 4.132354
3, 01, 2012, 4.11955
3, 02, 2012, 4.106107
3, 03, 2012, 4.117389
3, 04, 2012, 4.106025
3, 05, 2012, 4.107023
3, 06, 2012, 4.132486
3, 07, 2012, 4.174717
3, 08, 2012, 4.163209
3, 09, 2012, 4.10692
3, 10, 2012, 4.088407
3, 11, 2012, 4.089633
3, 12, 2012, 4.089633
3, 13, 2012, 4.114785
3, 14, 2012, 4.117763
3, 15, 2012, 4.148443
3, 16, 2012, 4.124564
3, 17, 2012, 4.119143
3, 18, 2012, 4.12005
3, 19, 2012, 4.119623
3, 20, 2012, 4.109763
3, 21, 2012, 4.124438
3, 22, 2012, 4.148711
3, 23, 2012, 4.169085
3, 24, 2012, 4.15622
3, 25, 2012, 4.171554
3, 26, 2012, 4.171566
3, 27, 2012, 4.128215
3, 28, 2012, 4.145639
3, 29, 2012, 4.167387
3, 30, 2012, 4.165539
3, 31, 2012, 4.140498
4, 01, 2012, 4.152655
4, 02, 2012, 4.152655
4, 03, 2012, 4.136368
4, 04, 2012, 4.131768
4, 05, 2012, 4.149258
4, 06, 2012, 4.157905
4, 07, 2012, 4.16121
4, 08, 2012, 4.166982
4, 09, 2012, 4.166982
4, 10, 2012, 4.170036
4, 11, 2012, 4.203593
4, 12, 2012, 4.190433
4, 13, 2012, 4.166062
4, 14, 2012, 4.188346
4, 15, 2012, 4.181069
4, 16, 2012, 4.181069
4, 17, 2012, 4.19336
4, 18, 2012, 4.169928
4, 19, 2012, 4.187995
4, 20, 2012, 4.189551
4, 21, 2012, 4.18845
4, 25, 2012, 4.206587
4, 26, 2012, 4.18178
4, 27, 2012, 4.177751
4, 28, 2012, 4.172471
4, 29, 2012, 4.17156
4, 30, 2012, 4.169306
5, 01, 2012, 4.175972
5, 02, 2012, 4.153602
5, 03, 2012, 4.164435
5, 04, 2012, 4.184038
5, 05, 2012, 4.193042
5, 06, 2012, 4.179007
5, 07, 2012, 4.179009
5, 08, 2012, 4.18044
5, 09, 2012, 4.210806
5, 10, 2012, 4.234341
5, 11, 2012, 4.227131
5, 12, 2012, 4.242032
5, 13, 2012, 4.260577
5, 14, 2012, 4.240506
5, 15, 2012, 4.314778
5, 16, 2012, 4.370396
5, 17, 2012, 4.352268
5, 18, 2012, 4.346775
5, 19, 2012, 4.353526
5, 20, 2012, 4.347493
5, 21, 2012, 4.347493
5, 22, 2012, 4.321427
5, 23, 2012, 4.347113
5, 24, 2012, 4.37931
5, 25, 2012, 4.364247
5, 26, 2012, 4.360744
5, 27, 2012, 4.360354
5, 28, 2012, 4.347086
5, 29, 2012, 4.346649
5, 30, 2012, 4.358761
5, 31, 2012, 4.398721
6, 01, 2012, 4.386134
6, 02, 2012, 4.420923
6, 03, 2012, 4.406719
6, 04, 2012, 4.415001
6, 05, 2012, 4.392949
6, 06, 2012, 4.379542
6, 07, 2012, 4.316536
6, 08, 2012, 4.265784
6, 09, 2012, 4.297624
6, 10, 2012, 4.29725
6, 11, 2012, 4.297302
6, 12, 2012, 4.335958
6, 13, 2012, 4.333312
6, 14, 2012, 4.301858
6, 15, 2012, 4.296465
6, 16, 2012, 4.252117
6, 17, 2012, 4.248992
6, 18, 2012, 4.249027
6, 19, 2012, 4.270807
6, 20, 2012, 4.240239
6, 21, 2012, 4.236146
6, 22, 2012, 4.278029
6, 23, 2012, 4.272362
6, 24, 2012, 4.261075
6, 25, 2012, 4.27264
6, 26, 2012, 4.263934
6, 27, 2012, 4.25444
6, 28, 2012, 4.25639
6, 29, 2012, 4.299839
6, 30, 2012, 4.220886
7, 01, 2012, 4.220238
7, 02, 2012, 4.219735
7, 03, 2012, 4.21473
7, 04, 2012, 4.194605
7, 05, 2012, 4.215871
7, 06, 2012, 4.219497
7, 07, 2012, 4.250249
7, 08, 2012, 4.210766
7, 09, 2012, 4.210526
7, 10, 2012, 4.223892
7, 11, 2012, 4.180114
7, 12, 2012, 4.182813
7, 13, 2012, 4.202928
7, 14, 2012, 4.196875
7, 15, 2012, 4.207496
7, 16, 2012, 4.207515
7, 17, 2012, 4.190755
7, 18, 2012, 4.169337
7, 19, 2012, 4.167198
7, 20, 2012, 4.149902
7, 21, 2012, 4.163835
7, 22, 2012, 4.159524
7, 23, 2012, 4.159444
7, 24, 2012, 4.205579
7, 25, 2012, 4.218455
7, 26, 2012, 4.190349
7, 27, 2012, 4.128592
7, 28, 2012, 4.121393
7, 29, 2012, 4.127055
7, 30, 2012, 4.136691
7, 31, 2012, 4.118873
8, 01, 2012, 4.116904
8, 02, 2012, 4.101285
8, 03, 2012, 4.118069
8, 04, 2012, 4.064693
8, 05, 2012, 4.082993
8, 06, 2012, 4.083003
8, 07, 2012, 4.04178
8, 08, 2012, 4.074401
8, 09, 2012, 4.065497
8, 10, 2012, 4.062654
8, 11, 2012, 4.076857
8, 12, 2012, 4.072836
8, 13, 2012, 4.072836
8, 14, 2012, 4.090371
8, 15, 2012, 4.082111
8, 16, 2012, 4.081931
8, 17, 2012, 4.051447
8, 18, 2012, 4.068348
8, 19, 2012, 4.077605
8, 20, 2012, 4.069331
8, 21, 2012, 4.064552
8, 22, 2012, 4.0706
8, 23, 2012, 4.079466
8, 24, 2012, 4.096933
8, 25, 2012, 4.08524
8, 26, 2012, 4.104066
8, 27, 2012, 4.104066
8, 28, 2012, 4.086416
8, 29, 2012, 4.108108
8, 30, 2012, 4.171548
8, 31, 2012, 4.1991
9, 01, 2012, 4.167023
9, 02, 2012, 4.168794
9, 03, 2012, 4.176102
9, 04, 2012, 4.189506
9, 05, 2012, 4.195206
9, 06, 2012, 4.181956
9, 07, 2012, 4.12461
9, 08, 2012, 4.10158
9, 09, 2012, 4.096758
9, 10, 2012, 4.096449
9, 11, 2012, 4.116224
9, 12, 2012, 4.074712
9, 13, 2012, 4.095809
9, 14, 2012, 4.075122
9, 15, 2012, 4.069554
9, 16, 2012, 4.061487
9, 17, 2012, 4.057975
9, 18, 2012, 4.107166
9, 19, 2012, 4.118774
9, 20, 2012, 4.141858
9, 21, 2012, 4.146831
9, 22, 2012, 4.132718
9, 23, 2012, 4.135796
9, 24, 2012, 4.129664
9, 25, 2012, 4.147417
9, 26, 2012, 4.134897
9, 27, 2012, 4.150058
9, 28, 2012, 4.120367
9, 29, 2012, 4.115
9, 30, 2012, 4.117496
10, 01, 2012, 4.117469
10, 02, 2012, 4.111527
10, 03, 2012, 4.112767
10, 04, 2012, 4.080581
10, 05, 2012, 4.085076
10, 06, 2012, 4.074989
10, 07, 2012, 4.079049
10, 08, 2012, 4.074035
10, 09, 2012, 4.067717
10, 10, 2012, 4.077527
10, 11, 2012, 4.095017
10, 12, 2012, 4.100026
10, 13, 2012, 4.101424
10, 14, 2012, 4.096267
10, 15, 2012, 4.096604
10, 16, 2012, 4.094029
10, 17, 2012, 4.084013
10, 18, 2012, 4.099344
10, 19, 2012, 4.094758
10, 20, 2012, 4.110742
10, 21, 2012, 4.109098
10, 22, 2012, 4.109098
10, 23, 2012, 4.105995
10, 24, 2012, 4.127036
10, 25, 2012, 4.155543
10, 26, 2012, 4.144357
10, 27, 2012, 4.135201
10, 28, 2012, 4.135024
10, 29, 2012, 4.135047
10, 30, 2012, 4.147827
10, 31, 2012, 4.128742
11, 01, 2012, 4.138338
11, 02, 2012, 4.120471
11, 03, 2012, 4.108521
11, 04, 2012, 4.108028
11, 05, 2012, 4.108028
11, 06, 2012, 4.117286
11, 07, 2012, 4.123162
11, 08, 2012, 4.139612
11, 09, 2012, 4.171074
11, 10, 2012, 4.157523
11, 11, 2012, 4.157191
11, 12, 2012, 4.164993
11, 13, 2012, 4.168192
11, 14, 2012, 4.182405
11, 15, 2012, 4.171127
11, 16, 2012, 4.15326
11, 17, 2012, 4.159343
11, 18, 2012, 4.160932
11, 19, 2012, 4.161166
11, 20, 2012, 4.129619
11, 21, 2012, 4.117658
11, 22, 2012, 4.116567
11, 23, 2012, 4.108108
11, 24, 2012, 4.11193
11, 25, 2012, 4.121006
11, 26, 2012, 4.121006
11, 27, 2012, 4.097699
11, 28, 2012, 4.092786
11, 29, 2012, 4.103319
11, 30, 2012, 4.088981
12, 01, 2012, 4.10465
12, 02, 2012, 4.103831
12, 03, 2012, 4.103831
12, 04, 2012, 4.136176
12, 05, 2012, 4.134038
12, 06, 2012, 4.125217
12, 07, 2012, 4.128464
12, 08, 2012, 4.124951
12, 09, 2012, 4.121605
12, 10, 2012, 4.133369
12, 11, 2012, 4.107442
12, 12, 2012, 4.084342
12, 13, 2012, 4.093797
12, 14, 2012, 4.093465
12, 15, 2012, 4.086665
12, 16, 2012, 4.080926
12, 17, 2012, 4.080903
12, 18, 2012, 4.088644
12, 19, 2012, 4.085914
12, 20, 2012, 4.079703
12, 21, 2012, 4.058967
12, 22, 2012, 4.086839
12, 23, 2012, 4.084254
12, 24, 2012, 4.084254
12, 25, 2012, 4.087249
12, 26, 2012, 4.089602
12, 27, 2012, 4.108805
12, 28, 2012, 4.067826
12, 29, 2012, 4.079424
12, 30, 2012, 4.079236
12, 31, 2012, 4.079236
1, 01, 2013, 4.083383
1, 02, 2013, 4.086037
1, 03, 2013, 4.072263
1, 04, 2013, 4.084607
1, 05, 2013, 4.110982
1, 06, 2013, 4.114837
1, 07, 2013, 4.114837
1, 08, 2013, 4.12473
1, 09, 2013, 4.113847
1, 10, 2013, 4.078754
1, 11, 2013, 4.086169
1, 12, 2013, 4.118491
1, 13, 2013, 4.109095
1, 14, 2013, 4.109095
1, 15, 2013, 4.120003
1, 16, 2013, 4.114568
1, 17, 2013, 4.120413
1, 18, 2013, 4.119132
1, 19, 2013, 4.156652
1, 20, 2013, 4.152543
1, 21, 2013, 4.130034
1, 22, 2013, 4.168431
1, 23, 2013, 4.176534
1, 24, 2013, 4.171501
1, 25, 2013, 4.184554
1, 26, 2013, 4.173003
1, 27, 2013, 4.169353
1, 28, 2013, 4.178036
1, 29, 2013, 4.200512
1, 30, 2013, 4.185486
1, 31, 2013, 4.192336
2, 01, 2013, 4.196578
2, 02, 2013, 4.165286
2, 03, 2013, 4.16802
2, 04, 2013, 4.170514
2, 05, 2013, 4.181586
2, 06, 2013, 4.173848
2, 07, 2013, 4.179014
2, 08, 2013, 4.176683
2, 09, 2013, 4.146573
2, 10, 2013, 4.150355
2, 11, 2013, 4.150355
2, 12, 2013, 4.161979
2, 13, 2013, 4.179038
2, 14, 2013, 4.156639
2, 15, 2013, 4.176874
2, 16, 2013, 4.186086
2, 17, 2013, 4.189864
2, 18, 2013, 4.190037
2, 19, 2013, 4.186779
2, 20, 2013, 4.167325
2, 21, 2013, 4.164445
2, 22, 2013, 4.158955
2, 23, 2013, 4.166922
2, 24, 2013, 4.163594
2, 25, 2013, 4.163594
2, 26, 2013, 4.142992
2, 27, 2013, 4.16442
2, 28, 2013, 4.167133
3, 01, 2013, 4.150232
3, 02, 2013, 4.131761
3, 04, 2013, 4.129803
3, 05, 2013, 4.138154
3, 06, 2013, 4.124976
3, 07, 2013, 4.144372
3, 08, 2013, 4.151401
3, 09, 2013, 4.131064
3, 10, 2013, 4.131884
3, 11, 2013, 4.131494
3, 12, 2013, 4.13902
3, 13, 2013, 4.140815
3, 14, 2013, 4.138448
3, 15, 2013, 4.154477
3, 16, 2013, 4.145987
3, 17, 2013, 4.145975
3, 18, 2013, 4.145975
3, 19, 2013, 4.153406
3, 20, 2013, 4.157777
3, 21, 2013, 4.173461
3, 22, 2013, 4.185644
3, 23, 2013, 4.172829
3, 26, 2013, 4.168467
3, 27, 2013, 4.180905
3, 28, 2013, 4.179676
3, 29, 2013, 4.175776
3, 30, 2013, 4.180356
3, 31, 2013, 4.178656
4, 01, 2013, 4.178656
4, 02, 2013, 4.177559
4, 03, 2013, 4.187693
4, 04, 2013, 4.196848
4, 05, 2013, 4.187572
4, 06, 2013, 4.157501
4, 07, 2013, 4.179513
4, 09, 2013, 4.123622
4, 10, 2013, 4.111278
4, 11, 2013, 4.097694
4, 12, 2013, 4.108922
4, 13, 2013, 4.104309
4, 14, 2013, 4.1015
4, 15, 2013, 4.103037
4, 16, 2013, 4.10581
4, 17, 2013, 4.108807
4, 18, 2013, 4.11608
4, 19, 2013, 4.114217
4, 20, 2013, 4.103942
4, 21, 2013, 4.104473
4, 22, 2013, 4.105251
4, 23, 2013, 4.105984
4, 24, 2013, 4.14009
4, 25, 2013, 4.151161
4, 26, 2013, 4.146573
4, 27, 2013, 4.159568
4, 28, 2013, 4.16266
4, 29, 2013, 4.16266
4, 30, 2013, 4.141223
5, 01, 2013, 4.160351
5, 02, 2013, 4.166403
5, 03, 2013, 4.142415
5, 04, 2013, 4.144945
5, 05, 2013, 4.144967
5, 06, 2013, 4.144967
5, 07, 2013, 4.152207
5, 08, 2013, 4.141117
5, 09, 2013, 4.133096
5, 10, 2013, 4.126252
5, 11, 2013, 4.145456
5, 12, 2013, 4.14178
5, 13, 2013, 4.14178
5, 14, 2013, 4.159035
5, 15, 2013, 4.164407
5, 16, 2013, 4.184852
5, 17, 2013, 4.184873
5, 18, 2013, 4.177332
5, 19, 2013, 4.171503
5, 20, 2013, 4.171503
5, 21, 2013, 4.184279
5, 22, 2013, 4.181919
5, 23, 2013, 4.187011
5, 24, 2013, 4.197881
5, 25, 2013, 4.199244
5, 26, 2013, 4.196669
5, 27, 2013, 4.196669
5, 28, 2013, 4.199163
5, 29, 2013, 4.193964
5, 30, 2013, 4.246301
5, 31, 2013, 4.282758
6, 01, 2013, 4.275915
6, 02, 2013, 4.274826
6, 03, 2013, 4.281805
6, 04, 2013, 4.254458
6, 05, 2013, 4.234813
6, 06, 2013, 4.286301
6, 07, 2013, 4.309668
6, 08, 2013, 4.240271
6, 09, 2013, 4.312472
6, 10, 2013, 4.312472
6, 11, 2013, 4.259111
6, 12, 2013, 4.272336
6, 13, 2013, 4.26227
6, 14, 2013, 4.225088
6, 15, 2013, 4.246903
6, 16, 2013, 4.215967
6, 17, 2013, 4.215967
6, 18, 2013, 4.231685
6, 19, 2013, 4.264828
6, 20, 2013, 4.259896
6, 21, 2013, 4.344838
6, 22, 2013, 4.338535
6, 23, 2013, 4.347458
6, 24, 2013, 4.318981
6, 25, 2013, 4.336357
6, 26, 2013, 4.334051
6, 27, 2013, 4.34396
6, 28, 2013, 4.322118
6, 29, 2013, 4.328841
6, 30, 2013, 4.324977
7, 01, 2013, 4.33597
7, 02, 2013, 4.329776
7, 03, 2013, 4.339917
7, 04, 2013, 4.304481
7, 05, 2013, 4.271956
7, 06, 2013, 4.308438
7, 07, 2013, 4.282506
7, 08, 2013, 4.303039
7, 09, 2013, 4.316973
7, 10, 2013, 4.321942
7, 11, 2013, 4.339999
7, 12, 2013, 4.321059
7, 13, 2013, 4.296729
7, 14, 2013, 4.323982
7, 15, 2013, 4.323982
7, 16, 2013, 4.289811
7, 17, 2013, 4.254109
7, 18, 2013, 4.246411
7, 19, 2013, 4.240831
7, 20, 2013, 4.235548
7, 21, 2013, 4.24104
7, 22, 2013, 4.24104
7, 23, 2013, 4.213001
7, 24, 2013, 4.202745
7, 25, 2013, 4.22918
7, 26, 2013, 4.241569
7, 27, 2013, 4.228942
7, 28, 2013, 4.234002
7, 29, 2013, 4.234002
7, 30, 2013, 4.206115
7, 31, 2013, 4.228922
8, 01, 2013, 4.25544
8, 02, 2013, 4.261875
8, 03, 2013, 4.235138
8, 04, 2013, 4.253951
8, 05, 2013, 4.234892
8, 06, 2013, 4.214099
8, 07, 2013, 4.20494
8, 08, 2013, 4.212103
8, 09, 2013, 4.192092
8, 10, 2013, 4.185379
8, 11, 2013, 4.186335
8, 12, 2013, 4.186335
8, 13, 2013, 4.193353
8, 14, 2013, 4.19626
8, 15, 2013, 4.207109
8, 16, 2013, 4.230863
8, 17, 2013, 4.237568
8, 18, 2013, 4.235377
8, 19, 2013, 4.229223
8, 20, 2013, 4.249618
8, 21, 2013, 4.231073
8, 22, 2013, 4.241915
8, 23, 2013, 4.248653
8, 24, 2013, 4.23164
8, 25, 2013, 4.227159
8, 26, 2013, 4.226021
8, 27, 2013, 4.232456
8, 28, 2013, 4.251879
8, 29, 2013, 4.276315
8, 30, 2013, 4.283558
8, 31, 2013, 4.270125
9, 01, 2013, 4.271322
9, 02, 2013, 4.270092
9, 03, 2013, 4.259104
9, 04, 2013, 4.274829
9, 05, 2013, 4.279109
9, 06, 2013, 4.30509
9, 07, 2013, 4.279434
9, 08, 2013, 4.280998
9, 09, 2013, 4.280998
9, 10, 2013, 4.270716
9, 11, 2013, 4.251017
9, 12, 2013, 4.21575
9, 13, 2013, 4.217247
9, 14, 2013, 4.204428
9, 15, 2013, 4.204951
9, 16, 2013, 4.204951
9, 17, 2013, 4.201031
9, 18, 2013, 4.212873
9, 19, 2013, 4.221843
9, 20, 2013, 4.20608
9, 21, 2013, 4.226832
9, 22, 2013, 4.224499
9, 23, 2013, 4.224499
9, 24, 2013, 4.226352
9, 25, 2013, 4.210948
9, 26, 2013, 4.219766
9, 27, 2013, 4.230876
9, 28, 2013, 4.224162
9, 29, 2013, 4.221938
9, 30, 2013, 4.22698
10, 01, 2013, 4.220839
10, 02, 2013, 4.213653
10, 03, 2013, 4.2102
10, 04, 2013, 4.201196
10, 05, 2013, 4.202251
10, 06, 2013, 4.205471
10, 07, 2013, 4.205471
10, 08, 2013, 4.192724
10, 09, 2013, 4.194475
10, 10, 2013, 4.201071
10, 11, 2013, 4.187418
10, 12, 2013, 4.189793
10, 13, 2013, 4.193203
10, 14, 2013, 4.193203
10, 15, 2013, 4.180179
10, 16, 2013, 4.168
10, 17, 2013, 4.166292
10, 18, 2013, 4.169172
10, 19, 2013, 4.169666
10, 20, 2013, 4.170572
10, 21, 2013, 4.170572
10, 22, 2013, 4.17608
10, 23, 2013, 4.161906
10, 24, 2013, 4.182766
10, 25, 2013, 4.184282
10, 26, 2013, 4.183401
10, 27, 2013, 4.179534
10, 28, 2013, 4.186644
10, 29, 2013, 4.180577
10, 30, 2013, 4.18761
10, 31, 2013, 4.17597
11, 01, 2013, 4.185355
11, 02, 2013, 4.194784
11, 03, 2013, 4.199988
11, 04, 2013, 4.199988
11, 05, 2013, 4.181002
11, 06, 2013, 4.185005
11, 07, 2013, 4.179655
11, 08, 2013, 4.186146
11, 09, 2013, 4.187705
11, 10, 2013, 4.181527
11, 11, 2013, 4.181524
11, 12, 2013, 4.218198
11, 13, 2013, 4.207303
11, 14, 2013, 4.197426
11, 15, 2013, 4.189596
11, 16, 2013, 4.188369
11, 17, 2013, 4.188193
11, 18, 2013, 4.188269
11, 19, 2013, 4.173984
11, 20, 2013, 4.181919
11, 21, 2013, 4.190465
11, 22, 2013, 4.198504
11, 23, 2013, 4.199825
11, 24, 2013, 4.195967
11, 25, 2013, 4.195967
11, 26, 2013, 4.196449
11, 27, 2013, 4.20426
11, 28, 2013, 4.204546
11, 29, 2013, 4.198221
11, 30, 2013, 4.202454
12, 01, 2013, 4.204506
12, 02, 2013, 4.204506
12, 03, 2013, 4.200757
12, 04, 2013, 4.202095
12, 05, 2013, 4.199811
12, 06, 2013, 4.19451
12, 07, 2013, 4.182915
12, 08, 2013, 4.186292
12, 09, 2013, 4.186292
12, 10, 2013, 4.185083
12, 11, 2013, 4.178583
12, 12, 2013, 4.181963
12, 13, 2013, 4.181896
12, 14, 2013, 4.179649
12, 15, 2013, 4.182522
12, 16, 2013, 4.179704
12, 17, 2013, 4.1755
12, 18, 2013, 4.183039
12, 19, 2013, 4.183211
12, 20, 2013, 4.161104
12, 21, 2013, 4.159375
12, 22, 2013, 4.158595
12, 23, 2013, 4.16502
12, 24, 2013, 4.157375
12, 25, 2013, 4.142478
12, 26, 2013, 4.141434
12, 27, 2013, 4.139759
12, 28, 2013, 4.14847
12, 29, 2013, 4.146792
12, 30, 2013, 4.146792
12, 31, 2013, 4.148152
1, 01, 2014, 4.154682
1, 02, 2014, 4.156787
1, 03, 2014, 4.169279
1, 04, 2014, 4.17058
1, 05, 2014, 4.169197
1, 06, 2014, 4.169197
1, 07, 2014, 4.176845
1, 08, 2014, 4.178426
1, 09, 2014, 4.1778
1, 10, 2014, 4.177009
1, 11, 2014, 4.159956
1, 12, 2014, 4.149014
1, 13, 2014, 4.149014
1, 14, 2014, 4.153727
1, 15, 2014, 4.144763
1, 16, 2014, 4.157966
1, 17, 2014, 4.170853
1, 18, 2014, 4.162857
1, 19, 2014, 4.164348
1, 20, 2014, 4.158322
1, 21, 2014, 4.158133
1, 22, 2014, 4.166839
1, 23, 2014, 4.162267
1, 24, 2014, 4.17936
1, 25, 2014, 4.195363
1, 26, 2014, 4.197592
1, 27, 2014, 4.21879
1, 28, 2014, 4.206088
1, 29, 2014, 4.203152
1, 30, 2014, 4.218007
1, 31, 2014, 4.230925
2, 01, 2014, 4.24719
2, 02, 2014, 4.253603
2, 03, 2014, 4.253603
2, 04, 2014, 4.24547
2, 05, 2014, 4.206663
2, 06, 2014, 4.189034
2, 07, 2014, 4.183058
2, 08, 2014, 4.178217
2, 09, 2014, 4.191068
2, 10, 2014, 4.191068
2, 11, 2014, 4.180363
2, 12, 2014, 4.172313
2, 13, 2014, 4.161967
2, 14, 2014, 4.163846
2, 15, 2014, 4.146702
2, 16, 2014, 4.144012
2, 17, 2014, 4.144012
2, 18, 2014, 4.143593
2, 19, 2014, 4.143514
2, 20, 2014, 4.167054
2, 21, 2014, 4.169549
2, 22, 2014, 4.151644
2, 23, 2014, 4.153545
2, 24, 2014, 4.166735
2, 25, 2014, 4.154247
2, 26, 2014, 4.151552
2, 27, 2014, 4.175892
2, 28, 2014, 4.164469
3, 01, 2014, 4.165604
3, 02, 2014, 4.158311
3, 03, 2014, 4.1688
3, 04, 2014, 4.215858
3, 05, 2014, 4.190815
3, 06, 2014, 4.189212
3, 07, 2014, 4.174784
3, 08, 2014, 4.199587
3, 09, 2014, 4.20634
3, 10, 2014, 4.195722
3, 11, 2014, 4.215552
3, 12, 2014, 4.220835
3, 13, 2014, 4.225004
3, 14, 2014, 4.238857
3, 15, 2014, 4.230572
3, 16, 2014, 4.226605
3, 17, 2014, 4.237598
3, 18, 2014, 4.228065
3, 19, 2014, 4.20527
3, 20, 2014, 4.201404
3, 21, 2014, 4.199207
3, 22, 2014, 4.196078
3, 23, 2014, 4.196717
3, 24, 2014, 4.196717
3, 25, 2014, 4.199695
3, 26, 2014, 4.189797
3, 27, 2014, 4.180164
3, 28, 2014, 4.167159
3, 29, 2014, 4.172251
3, 30, 2014, 4.170592
3, 31, 2014, 4.173205
4, 01, 2014, 4.165563
4, 02, 2014, 4.172604
4, 03, 2014, 4.167553
4, 04, 2014, 4.164541
4, 05, 2014, 4.160762
4, 06, 2014, 4.1628
4, 07, 2014, 4.166227
4, 08, 2014, 4.170916
4, 09, 2014, 4.166725
4, 10, 2014, 4.167023
4, 11, 2014, 4.173477
4, 12, 2014, 4.179229
4, 13, 2014, 4.180228
4, 14, 2014, 4.180019
4, 15, 2014, 4.177546
4, 16, 2014, 4.191202
4, 17, 2014, 4.188973
4, 18, 2014, 4.182367
4, 19, 2014, 4.181266
4, 20, 2014, 4.182635
4, 21, 2014, 4.19341
4, 22, 2014, 4.18019
4, 23, 2014, 4.191413
4, 24, 2014, 4.188871
4, 25, 2014, 4.197263
4, 26, 2014, 4.212828
4, 27, 2014, 4.21191
4, 28, 2014, 4.211174
4, 29, 2014, 4.2049
4, 30, 2014, 4.196224
5, 01, 2014, 4.200246
5, 02, 2014, 4.193712
5, 03, 2014, 4.206591
5, 04, 2014, 4.205013
5, 05, 2014, 4.204976
5, 06, 2014, 4.205863
5, 07, 2014, 4.197313
5, 08, 2014, 4.187722
5, 09, 2014, 4.181816
5, 10, 2014, 4.182695
5, 11, 2014, 4.181522
5, 12, 2014, 4.181522
5, 13, 2014, 4.179628
5, 14, 2014, 4.180542
5, 15, 2014, 4.188394
5, 16, 2014, 4.193336
5, 17, 2014, 4.188665
5, 18, 2014, 4.190436
5, 19, 2014, 4.19299
5, 20, 2014, 4.190412
5, 21, 2014, 4.187713
5, 22, 2014, 4.179275
5, 23, 2014, 4.160399
5, 24, 2014, 4.157293
5, 25, 2014, 4.153201
5, 26, 2014, 4.15326
5, 27, 2014, 4.162016
5, 28, 2014, 4.161219
5, 29, 2014, 4.154846
5, 30, 2014, 4.138074
5, 31, 2014, 4.140057
6, 01, 2014, 4.144225
6, 02, 2014, 4.144225
6, 03, 2014, 4.142235
6, 04, 2014, 4.15539
6, 05, 2014, 4.129478
6, 06, 2014, 4.132247
6, 07, 2014, 4.094993
6, 08, 2014, 4.095944
6, 09, 2014, 4.095944
6, 10, 2014, 4.105759
6, 11, 2014, 4.108212
6, 12, 2014, 4.106127
6, 13, 2014, 4.115764
6, 14, 2014, 4.119663
6, 15, 2014, 4.118515
6, 16, 2014, 4.118515
6, 17, 2014, 4.143403
6, 18, 2014, 4.145474
6, 19, 2014, 4.141225
6, 20, 2014, 4.146513
6, 21, 2014, 4.162673
6, 22, 2014, 4.168639
6, 23, 2014, 4.168639
6, 24, 2014, 4.15918
6, 25, 2014, 4.153094
6, 26, 2014, 4.143935
6, 27, 2014, 4.153207
6, 28, 2014, 4.157166
6, 29, 2014, 4.152961
6, 30, 2014, 4.152961
7, 01, 2014, 4.158508
7, 02, 2014, 4.160842
7, 03, 2014, 4.147236
7, 04, 2014, 4.14297
7, 05, 2014, 4.149187
7, 06, 2014, 4.148996
7, 07, 2014, 4.148996
7, 08, 2014, 4.144572
7, 09, 2014, 4.13147
7, 10, 2014, 4.126362
7, 11, 2014, 4.139089
7, 12, 2014, 4.14005
7, 13, 2014, 4.141031
7, 14, 2014, 4.141031
7, 15, 2014, 4.139012
7, 16, 2014, 4.13905
7, 17, 2014, 4.130625
7, 18, 2014, 4.150579
7, 19, 2014, 4.149173
7, 20, 2014, 4.147479
7, 21, 2014, 4.147479
7, 22, 2014, 4.146616
7, 23, 2014, 4.13789
7, 24, 2014, 4.137092
7, 25, 2014, 4.139588
7, 26, 2014, 4.145179
7, 27, 2014, 4.145955
7, 28, 2014, 4.145955
7, 29, 2014, 4.145986
7, 30, 2014, 4.147994
7, 31, 2014, 4.161443
8, 01, 2014, 4.177191
8, 02, 2014, 4.183805
8, 03, 2014, 4.184233
8, 04, 2014, 4.184233
8, 05, 2014, 4.174506
8, 06, 2014, 4.185648
8, 07, 2014, 4.197678
8, 08, 2014, 4.208461
8, 09, 2014, 4.200532
8, 10, 2014, 4.200291
8, 11, 2014, 4.199462
8, 12, 2014, 4.200826
8, 13, 2014, 4.20394
8, 14, 2014, 4.189637
8, 15, 2014, 4.177944
8, 16, 2014, 4.205028
8, 17, 2014, 4.206704
8, 18, 2014, 4.206545
8, 19, 2014, 4.187651
8, 20, 2014, 4.185815
8, 21, 2014, 4.190349
8, 22, 2014, 4.185271
8, 23, 2014, 4.188199
8, 25, 2014, 4.187524
8, 26, 2014, 4.184756
8, 27, 2014, 4.196526
8, 28, 2014, 4.198911
8, 29, 2014, 4.223212
8, 30, 2014, 4.2093
8, 31, 2014, 4.209904
9, 01, 2014, 4.209984
9, 02, 2014, 4.204163
9, 03, 2014, 4.210564
9, 04, 2014, 4.19646
9, 05, 2014, 4.190737
9, 06, 2014, 4.179881
9, 08, 2014, 4.179402
9, 09, 2014, 4.180403
9, 10, 2014, 4.203216
9, 11, 2014, 4.192868
9, 12, 2014, 4.194059
9, 13, 2014, 4.200568
9, 14, 2014, 4.200568
9, 15, 2014, 4.198901
9, 16, 2014, 4.184768
9, 17, 2014, 4.184768
9, 18, 2014, 4.184072
9, 19, 2014, 4.200568
9, 20, 2014, 4.18075
9, 21, 2014, 4.18202
9, 22, 2014, 4.18202
9, 23, 2014, 4.179031
9, 24, 2014, 4.174902
9, 26, 2014, 4.180013
9, 27, 2014, 4.182498
9, 28, 2014, 4.180006
9, 29, 2014, 4.180011
9, 30, 2014, 4.179066
10, 01, 2014, 4.18234
10, 02, 2014, 4.175235
10, 03, 2014, 4.191615
10, 04, 2014, 4.191615
10, 05, 2014, 4.191615
10, 06, 2014, 4.179685
10, 07, 2014, 4.185151
10, 08, 2014, 4.185151
10, 09, 2014, 4.188422
10, 10, 2014, 4.179374
10, 11, 2014, 4.186983
10, 12, 2014, 4.188461
10, 13, 2014, 4.188461
10, 14, 2014, 4.192514
10, 15, 2014, 4.202145
10, 16, 2014, 4.218584
10, 17, 2014, 4.229625
10, 18, 2014, 4.219244
10, 19, 2014, 4.219021
10, 20, 2014, 4.219021
10, 21, 2014, 4.224712
10, 22, 2014, 4.220131
10, 23, 2014, 4.232905
10, 24, 2014, 4.226503
10, 25, 2014, 4.213461
10, 26, 2014, 4.21354
10, 27, 2014, 4.21354
10, 28, 2014, 4.227569
10, 29, 2014, 4.218148
10, 30, 2014, 4.220023
10, 31, 2014, 4.210237
11, 01, 2014, 4.22062
11, 02, 2014, 4.204584
11, 03, 2014, 4.204584
11, 04, 2014, 4.22221
11, 05, 2014, 4.22804
11, 06, 2014, 4.227911
11, 07, 2014, 4.219121
11, 08, 2014, 4.229304
11, 09, 2014, 4.227135
11, 10, 2014, 4.227135
11, 11, 2014, 4.217542
11, 12, 2014, 4.216686
11, 13, 2014, 4.219785
11, 14, 2014, 4.235546
11, 15, 2014, 4.228388
11, 16, 2014, 4.229182
11, 17, 2014, 4.230309
11, 18, 2014, 4.222198
11, 19, 2014, 4.216651
11, 20, 2014, 4.217568
11, 21, 2014, 4.213173
11, 22, 2014, 4.198557
11, 23, 2014, 4.201057
11, 24, 2014, 4.201057
11, 25, 2014, 4.194172
11, 26, 2014, 4.174852
11, 27, 2014, 4.180538
11, 28, 2014, 4.178339
11, 29, 2014, 4.182338
11, 30, 2014, 4.182999
12, 01, 2014, 4.182999
12, 02, 2014, 4.175536
12, 03, 2014, 4.162994
12, 04, 2014, 4.151622
12, 05, 2014, 4.15843
12, 06, 2014, 4.16355
12, 07, 2014, 4.15801
12, 08, 2014, 4.15801
12, 09, 2014, 4.159669
12, 10, 2014, 4.160123
12, 11, 2014, 4.173025
12, 12, 2014, 4.178277
12, 13, 2014, 4.185835
12, 14, 2014, 4.182708
12, 15, 2014, 4.182708
12, 16, 2014, 4.184738
12, 17, 2014, 4.217303
12, 18, 2014, 4.235248
12, 19, 2014, 4.250526
12, 20, 2014, 4.261827
12, 21, 2014, 4.266287
12, 22, 2014, 4.266287
12, 23, 2014, 4.262422
12, 24, 2014, 4.299717
12, 25, 2014, 4.340893
12, 26, 2014, 4.342298
12, 27, 2014, 4.380252
12, 28, 2014, 4.342569
12, 29, 2014, 4.342569
12, 30, 2014, 4.314502
12, 31, 2014, 4.289164
1, 04, 2015, 4.302749
1, 05, 2015, 4.302749
1, 06, 2015, 4.294604
1, 07, 2015, 4.319189
1, 08, 2015, 4.310706
1, 09, 2015, 4.283014
1, 10, 2015, 4.268718
1, 11, 2015, 4.268373
1, 12, 2015, 4.268373
1, 13, 2015, 4.278177
1, 14, 2015, 4.280321
1, 15, 2015, 4.259419
1, 16, 2015, 4.314915
1, 17, 2015, 4.312386
1, 18, 2015, 4.310563
1, 19, 2015, 4.310563
1, 20, 2015, 4.332376
1, 21, 2015, 4.331037
1, 22, 2015, 4.300595
1, 23, 2015, 4.257175
1, 24, 2015, 4.211169
1, 25, 2015, 4.204071
1, 26, 2015, 4.204071
1, 27, 2015, 4.210532
1, 28, 2015, 4.235976
1, 29, 2015, 4.247937
1, 30, 2015, 4.211408
1, 31, 2015, 4.184848
2, 01, 2015, 4.184486
2, 02, 2015, 4.184486
2, 03, 2015, 4.186019
2, 04, 2015, 4.171015
2, 05, 2015, 4.162945
2, 06, 2015, 4.168564
2, 07, 2015, 4.158489
2, 08, 2015, 4.156121
2, 09, 2015, 4.156121
2, 10, 2015, 4.182991
2, 11, 2015, 4.201372
2, 12, 2015, 4.220261
2, 13, 2015, 4.17364
2, 14, 2015, 4.184079
2, 15, 2015, 4.184838
2, 16, 2015, 4.183508
2, 17, 2015, 4.177533
2, 18, 2015, 4.194451
2, 19, 2015, 4.188732
2, 20, 2015, 4.168435
2, 21, 2015, 4.177979
2, 22, 2015, 4.167529
2, 23, 2015, 4.167529
2, 24, 2015, 4.180652
2, 25, 2015, 4.160305
2, 26, 2015, 4.156873
2, 27, 2015, 4.151337
2, 28, 2015, 4.146076
3, 01, 2015, 4.148064
3, 02, 2015, 4.148064
3, 03, 2015, 4.157256
3, 04, 2015, 4.169818
3, 05, 2015, 4.149897
3, 06, 2015, 4.143482
3, 07, 2015, 4.128938
3, 08, 2015, 4.131395
3, 09, 2015, 4.131395
3, 10, 2015, 4.117614
3, 11, 2015, 4.162028
3, 12, 2015, 4.123068
3, 13, 2015, 4.141976
3, 14, 2015, 4.155084
3, 15, 2015, 4.147993
3, 16, 2015, 4.147993
3, 17, 2015, 4.126162
3, 18, 2015, 4.142528
3, 19, 2015, 4.143947
3, 20, 2015, 4.125192
3, 21, 2015, 4.133797
3, 22, 2015, 4.13259
3, 23, 2015, 4.13259
3, 24, 2015, 4.109571
3, 25, 2015, 4.102778
3, 26, 2015, 4.088897
3, 27, 2015, 4.083857
3, 28, 2015, 4.102862
3, 29, 2015, 4.099153
3, 30, 2015, 4.099153
3, 31, 2015, 4.087066
4, 01, 2015, 4.075292
4, 02, 2015, 4.061353
4, 03, 2015, 4.070066
4, 04, 2015, 4.064632
4, 05, 2015, 4.061037
4, 06, 2015, 4.061037
4, 07, 2015, 4.073981
4, 08, 2015, 4.040951
4, 09, 2015, 4.007319
4, 10, 2015, 4.02545
4, 11, 2015, 4.021853
4, 12, 2015, 4.021874
4, 13, 2015, 4.025112
4, 14, 2015, 4.004202
4, 15, 2015, 4.01396
4, 16, 2015, 4.016378
4, 17, 2015, 4.022696
4, 18, 2015, 4.025902
4, 19, 2015, 4.02641
4, 20, 2015, 4.02641
4, 21, 2015, 3.989679
4, 22, 2015, 3.992366
4, 23, 2015, 3.989466
4, 24, 2015, 4.002563
4, 25, 2015, 4.040934
4, 26, 2015, 4.038818
4, 27, 2015, 4.038818
4, 28, 2015, 3.98829
4, 29, 2015, 3.997101
4, 30, 2015, 4.010475
5, 01, 2015, 4.042408
5, 02, 2015, 4.068738
5, 03, 2015, 4.0725
5, 04, 2015, 4.0725
5, 05, 2015, 4.032063
5, 06, 2015, 4.031216
5, 07, 2015, 4.041575
5, 08, 2015, 4.046172
5, 09, 2015, 4.047122
5, 10, 2015, 4.048008
5, 11, 2015, 4.048008
5, 12, 2015, 4.077643
5, 13, 2015, 4.099245
5, 14, 2015, 4.095392
5, 15, 2015, 4.070132
5, 16, 2015, 4.04849
5, 17, 2015, 4.041054
5, 18, 2015, 4.041054
5, 19, 2015, 4.071577
5, 20, 2015, 4.048735
5, 21, 2015, 4.081763
5, 22, 2015, 4.097714
5, 23, 2015, 4.108091
5, 24, 2015, 4.108624
5, 25, 2015, 4.108624
5, 26, 2015, 4.101296
5, 27, 2015, 4.153296
5, 28, 2015, 4.127661
5, 29, 2015, 4.142406
5, 30, 2015, 4.110554
5, 31, 2015, 4.110923
6, 01, 2015, 4.110483
6, 02, 2015, 4.115971
6, 03, 2015, 4.122449
6, 04, 2015, 4.156706
6, 05, 2015, 4.167193
6, 06, 2015, 4.155396
6, 07, 2015, 4.159253
6, 08, 2015, 4.159253
6, 09, 2015, 4.173665
6, 10, 2015, 4.171982
6, 11, 2015, 4.138589
6, 12, 2015, 4.136336
6, 13, 2015, 4.14064
6, 14, 2015, 4.143206
6, 15, 2015, 4.143206
6, 16, 2015, 4.15597
6, 17, 2015, 4.138352
6, 18, 2015, 4.161504
6, 19, 2015, 4.170008
6, 20, 2015, 4.182362
6, 21, 2015, 4.178676
6, 22, 2015, 4.178676
6, 23, 2015, 4.169924
6, 24, 2015, 4.159479
6, 25, 2015, 4.166599
6, 26, 2015, 4.171098
6, 27, 2015, 4.173974
6, 28, 2015, 4.174986
6, 29, 2015, 4.174986
6, 30, 2015, 4.195292
7, 01, 2015, 4.190783
7, 02, 2015, 4.188079
7, 03, 2015, 4.191968
7, 04, 2015, 4.191402
7, 05, 2015, 4.191428
7, 06, 2015, 4.191872
7, 07, 2015, 4.200442
7, 08, 2015, 4.213052
7, 09, 2015, 4.237501
7, 10, 2015, 4.2167
7, 11, 2015, 4.174695
7, 12, 2015, 4.177974
7, 13, 2015, 4.177026
7, 14, 2015, 4.139192
7, 15, 2015, 4.13038
7, 16, 2015, 4.129806
7, 17, 2015, 4.114567
7, 18, 2015, 4.109366
7, 19, 2015, 4.107206
7, 20, 2015, 4.107206
7, 21, 2015, 4.123702
7, 22, 2015, 4.13503
7, 23, 2015, 4.115853
7, 24, 2015, 4.121481
7, 25, 2015, 4.144255
7, 26, 2015, 4.144111
7, 27, 2015, 4.144111
7, 28, 2015, 4.119402
7, 29, 2015, 4.11835
7, 30, 2015, 4.131552
7, 31, 2015, 4.142191
8, 01, 2015, 4.146504
8, 02, 2015, 4.14133
8, 03, 2015, 4.14133
8, 04, 2015, 4.148142
8, 05, 2015, 4.170515
8, 06, 2015, 4.175938
8, 07, 2015, 4.191702
8, 08, 2015, 4.189872
8, 09, 2015, 4.184345
8, 10, 2015, 4.184345
8, 11, 2015, 4.200278
8, 12, 2015, 4.193506
8, 13, 2015, 4.187288
8, 14, 2015, 4.177376
8, 15, 2015, 4.183708
8, 16, 2015, 4.181444
8, 17, 2015, 4.181444
8, 18, 2015, 4.167455
8, 19, 2015, 4.163762
8, 20, 2015, 4.175796
8, 21, 2015, 4.185641
8, 22, 2015, 4.219894
8, 23, 2015, 4.229376
8, 24, 2015, 4.229376
8, 25, 2015, 4.239307
8, 26, 2015, 4.237096
8, 27, 2015, 4.244969
8, 28, 2015, 4.234903
8, 29, 2015, 4.218449
8, 30, 2015, 4.214307
8, 31, 2015, 4.214307
9, 01, 2015, 4.229244
9, 02, 2015, 4.251035
9, 03, 2015, 4.232699
9, 04, 2015, 4.212741
9, 05, 2015, 4.22903
9, 06, 2015, 4.230465
9, 07, 2015, 4.230465
9, 08, 2015, 4.237608
9, 09, 2015, 4.230004
9, 10, 2015, 4.213844
9, 11, 2015, 4.211359
9, 12, 2015, 4.207886
9, 13, 2015, 4.206976
9, 14, 2015, 4.206976
9, 15, 2015, 4.211129
9, 16, 2015, 4.202024
9, 17, 2015, 4.201637
9, 18, 2015, 4.20498
9, 19, 2015, 4.20097
9, 20, 2015, 4.202288
9, 21, 2015, 4.202288
9, 22, 2015, 4.18542
9, 23, 2015, 4.204437
9, 24, 2015, 4.221579
9, 25, 2015, 4.225599
9, 26, 2015, 4.227953
9, 27, 2015, 4.224184
9, 28, 2015, 4.227262
9, 29, 2015, 4.240173
9, 30, 2015, 4.238168
10, 01, 2015, 4.245691
10, 02, 2015, 4.250288
10, 03, 2015, 4.247534
10, 04, 2015, 4.248342
10, 05, 2015, 4.248342
10, 06, 2015, 4.24664
10, 07, 2015, 4.254628
10, 08, 2015, 4.237074
10, 09, 2015, 4.226129
10, 10, 2015, 4.225527
10, 11, 2015, 4.21799
10, 12, 2015, 4.21799
10, 13, 2015, 4.22197
10, 14, 2015, 4.231584
10, 15, 2015, 4.230373
10, 16, 2015, 4.236502
10, 17, 2015, 4.235585
10, 18, 2015, 4.235477
10, 19, 2015, 4.235477
10, 20, 2015, 4.24447
10, 21, 2015, 4.259525
10, 22, 2015, 4.285157
10, 23, 2015, 4.267283
10, 24, 2015, 4.250324
10, 25, 2015, 4.256522
10, 26, 2015, 4.253987
10, 27, 2015, 4.273819
10, 28, 2015, 4.28436
10, 29, 2015, 4.28736
10, 30, 2015, 4.277845
10, 31, 2015, 4.245701
11, 01, 2015, 4.250739
11, 02, 2015, 4.250739
11, 03, 2015, 4.260226
11, 04, 2015, 4.254186
11, 05, 2015, 4.231659
11, 06, 2015, 4.250222
11, 07, 2015, 4.267008
11, 08, 2015, 4.274485
11, 09, 2015, 4.274485
11, 10, 2015, 4.25453
11, 11, 2015, 4.246297
11, 12, 2015, 4.21486
11, 13, 2015, 4.233456
11, 14, 2015, 4.242486
11, 15, 2015, 4.240469
11, 16, 2015, 4.240469
11, 17, 2015, 4.249201
11, 18, 2015, 4.249637
11, 19, 2015, 4.246185
11, 20, 2015, 4.24984
11, 21, 2015, 4.242288
11, 22, 2015, 4.236757
11, 23, 2015, 4.236757
11, 24, 2015, 4.248898
11, 25, 2015, 4.261729
11, 26, 2015, 4.268418
11, 27, 2015, 4.272609
11, 28, 2015, 4.271202
11, 29, 2015, 4.271263
11, 30, 2015, 4.271263
12, 01, 2015, 4.26723
12, 02, 2015, 4.281876
12, 03, 2015, 4.280433
12, 04, 2015, 4.319113
12, 05, 2015, 4.31128
12, 06, 2015, 4.31438
12, 07, 2015, 4.31438
12, 08, 2015, 4.316612
12, 09, 2015, 4.342734
12, 10, 2015, 4.344961
12, 11, 2015, 4.346422
12, 12, 2015, 4.361709
12, 13, 2015, 4.36651
12, 14, 2015, 4.36651
12, 15, 2015, 4.362005
12, 16, 2015, 4.333918
12, 17, 2015, 4.302876
12, 18, 2015, 4.297148
12, 19, 2015, 4.263317
12, 20, 2015, 4.273837
12, 21, 2015, 4.273837
12, 22, 2015, 4.249922
12, 23, 2015, 4.254224
12, 24, 2015, 4.24163
12, 25, 2015, 4.23824
12, 26, 2015, 4.237191
12, 27, 2015, 4.247718
12, 28, 2015, 4.247718
12, 29, 2015, 4.243845
12, 30, 2015, 4.232575
12, 31, 2015, 4.256768
1, 01, 2016, 4.280766
1, 02, 2016, 4.284481
1, 03, 2016, 4.26604
1, 04, 2016, 4.26604
1, 05, 2016, 4.300544
1, 06, 2016, 4.309504
1, 07, 2016, 4.35269
1, 08, 2016, 4.336594
1, 09, 2016, 4.361379
1, 10, 2016, 4.367332
1, 11, 2016, 4.367332
1, 12, 2016, 4.36493
1, 13, 2016, 4.36406
1, 14, 2016, 4.342408
1, 15, 2016, 4.386593
1, 16, 2016, 4.471685
1, 17, 2016, 4.481632
1, 18, 2016, 4.481632
1, 19, 2016, 4.458742
1, 20, 2016, 4.442991
1, 21, 2016, 4.50132
1, 22, 2016, 4.481674
1, 23, 2016, 4.457307
1, 24, 2016, 4.459016
1, 25, 2016, 4.459016
1, 26, 2016, 4.467393
1, 27, 2016, 4.460799
1, 28, 2016, 4.476665
1, 29, 2016, 4.47036
1, 30, 2016, 4.425491
1, 31, 2016, 4.420863
2, 01, 2016, 4.420863
2, 02, 2016, 4.402972
2, 03, 2016, 4.406111
2, 04, 2016, 4.415157
2, 05, 2016, 4.419074
2, 06, 2016, 4.412467
2, 07, 2016, 4.408962
2, 08, 2016, 4.408962
2, 09, 2016, 4.452742
2, 10, 2016, 4.447177
2, 11, 2016, 4.423745
2, 12, 2016, 4.424591
2, 13, 2016, 4.403765
2, 14, 2016, 4.396335
2, 15, 2016, 4.410517
2, 16, 2016, 4.396404
2, 17, 2016, 4.407542
2, 18, 2016, 4.402174
2, 19, 2016, 4.386585
2, 20, 2016, 4.373284
2, 21, 2016, 4.370175
2, 22, 2016, 4.381306
2, 23, 2016, 4.358539
2, 24, 2016, 4.376402
2, 25, 2016, 4.381808
2, 26, 2016, 4.362257
2, 27, 2016, 4.366893
2, 28, 2016, 4.373835
2, 29, 2016, 4.373835
3, 01, 2016, 4.344548
3, 02, 2016, 4.333675
3, 03, 2016, 4.327791
3, 04, 2016, 4.342599
3, 05, 2016, 4.327864
3, 06, 2016, 4.320488
3, 07, 2016, 4.320488
3, 08, 2016, 4.331738
3, 09, 2016, 4.323215
3, 10, 2016, 4.314749
3, 11, 2016, 4.336765
3, 12, 2016, 4.293655
3, 13, 2016, 4.292323
3, 14, 2016, 4.292323
3, 15, 2016, 4.277375
3, 16, 2016, 4.294484
3, 17, 2016, 4.292888
3, 18, 2016, 4.270806
3, 19, 2016, 4.260901
3, 20, 2016, 4.263029
3, 21, 2016, 4.263029
3, 22, 2016, 4.257938
3, 23, 2016, 4.256349
3, 24, 2016, 4.260721
3, 25, 2016, 4.270115
3, 26, 2016, 4.26192
3, 27, 2016, 4.260322
3, 28, 2016, 4.260322
3, 29, 2016, 4.247677
3, 30, 2016, 4.250995
3, 31, 2016, 4.27066
4, 01, 2016, 4.245301
4, 02, 2016, 4.257029
4, 03, 2016, 4.254959
4, 04, 2016, 4.253136
4, 05, 2016, 4.242518
4, 06, 2016, 4.267716
4, 07, 2016, 4.266111
4, 08, 2016, 4.301576
4, 09, 2016, 4.290397
4, 10, 2016, 4.297022
4, 11, 2016, 4.297022
4, 12, 2016, 4.278106
4, 13, 2016, 4.2944
4, 14, 2016, 4.289212
4, 15, 2016, 4.299995
4, 16, 2016, 4.296311
4, 17, 2016, 4.294637
4, 18, 2016, 4.294637
4, 19, 2016, 4.307546
4, 20, 2016, 4.297788
4, 21, 2016, 4.273858
4, 22, 2016, 4.31507
4, 23, 2016, 4.366982
4, 24, 2016, 4.367392
4, 25, 2016, 4.362312
4, 26, 2016, 4.414077
4, 27, 2016, 4.383912
4, 28, 2016, 4.392937
4, 29, 2016, 4.399503
4, 30, 2016, 4.375303
5, 01, 2016, 4.371237
5, 02, 2016, 4.371237
5, 03, 2016, 4.386903
5, 04, 2016, 4.394534
5, 05, 2016, 4.398722
5, 06, 2016, 4.407
5, 07, 2016, 4.432817
5, 08, 2016, 4.433934
5, 09, 2016, 4.433934
5, 10, 2016, 4.43134
5, 11, 2016, 4.422463
5, 12, 2016, 4.427026
5, 13, 2016, 4.412486
5, 14, 2016, 4.409883
5, 15, 2016, 4.410484
5, 16, 2016, 4.410484
5, 17, 2016, 4.367316
5, 18, 2016, 4.372067
5, 19, 2016, 4.399561
5, 20, 2016, 4.409071
5, 21, 2016, 4.419751
5, 22, 2016, 4.418251
5, 23, 2016, 4.415501
5, 24, 2016, 4.443973
5, 25, 2016, 4.42335
5, 26, 2016, 4.404092
5, 27, 2016, 4.403497
5, 28, 2016, 4.386589
5, 29, 2016, 4.387477
5, 30, 2016, 4.386477
5, 31, 2016, 4.398453
6, 01, 2016, 4.384399
6, 02, 2016, 4.389268
6, 03, 2016, 4.387503
6, 04, 2016, 4.384752
6, 05, 2016, 4.390327
6, 06, 2016, 4.390327
6, 07, 2016, 4.356579
6, 08, 2016, 4.354996
6, 09, 2016, 4.322951
6, 10, 2016, 4.336233
6, 11, 2016, 4.370848
6, 12, 2016, 4.377451
6, 13, 2016, 4.377451
6, 14, 2016, 4.412791
6, 15, 2016, 4.438699
6, 16, 2016, 4.425779
6, 17, 2016, 4.416237
6, 18, 2016, 4.424303
6, 19, 2016, 4.412378
6, 20, 2016, 4.412491
6, 21, 2016, 4.398001
6, 22, 2016, 4.399555
6, 23, 2016, 4.372006
6, 24, 2016, 4.38111
6, 25, 2016, 4.447725
6, 26, 2016, 4.450832
6, 27, 2016, 4.450832
6, 28, 2016, 4.449625
6, 29, 2016, 4.433467
6, 30, 2016, 4.421019
7, 01, 2016, 4.378507
7, 02, 2016, 4.419939
7, 03, 2016, 4.396805
7, 04, 2016, 4.396805
7, 05, 2016, 4.436226
7, 06, 2016, 4.441218
7, 07, 2016, 4.436769
7, 08, 2016, 4.43266
7, 09, 2016, 4.414704
7, 10, 2016, 4.41306
7, 11, 2016, 4.41306
7, 12, 2016, 4.430359
7, 13, 2016, 4.408081
7, 14, 2016, 4.411241
7, 15, 2016, 4.413138
7, 16, 2016, 4.411968
7, 17, 2016, 4.431198
7, 18, 2016, 4.431198
7, 19, 2016, 4.374558
7, 20, 2016, 4.381678
7, 21, 2016, 4.374429
7, 22, 2016, 4.361779
7, 23, 2016, 4.363194
7, 24, 2016, 4.364089
7, 25, 2016, 4.364089
7, 26, 2016, 4.361615
7, 27, 2016, 4.362131
7, 28, 2016, 4.375285
7, 29, 2016, 4.360922
7, 30, 2016, 4.357393
7, 31, 2016, 4.357267
8, 01, 2016, 4.357267
8, 02, 2016, 4.354231
8, 03, 2016, 4.325583
8, 04, 2016, 4.286623
8, 05, 2016, 4.289653
8, 06, 2016, 4.276843
8, 07, 2016, 4.278626
8, 08, 2016, 4.278626
8, 09, 2016, 4.264778
8, 10, 2016, 4.261879
8, 11, 2016, 4.267086
8, 12, 2016, 4.259266
8, 13, 2016, 4.272705
8, 14, 2016, 4.272948
8, 15, 2016, 4.272948
8, 16, 2016, 4.265626
8, 17, 2016, 4.274572
8, 18, 2016, 4.29029
8, 19, 2016, 4.290257
8, 20, 2016, 4.314124
8, 21, 2016, 4.30884
8, 22, 2016, 4.308584
8, 23, 2016, 4.308744
8, 24, 2016, 4.308867
8, 25, 2016, 4.332977
8, 26, 2016, 4.334318
8, 27, 2016, 4.324114
8, 28, 2016, 4.335145
8, 29, 2016, 4.333602
8, 30, 2016, 4.343169
8, 31, 2016, 4.358716
9, 01, 2016, 4.362685
9, 02, 2016, 4.371244
9, 03, 2016, 4.368319
9, 04, 2016, 4.362993
9, 05, 2016, 4.366983
9, 06, 2016, 4.340816
9, 07, 2016, 4.334958
9, 08, 2016, 4.320292
9, 09, 2016, 4.324868
9, 10, 2016, 4.338498
9, 11, 2016, 4.339534
9, 12, 2016, 4.357664
9, 13, 2016, 4.347853
9, 14, 2016, 4.351009
9, 15, 2016, 4.337593
9, 16, 2016, 4.330528
9, 17, 2016, 4.312873
9, 18, 2016, 4.309113
9, 19, 2016, 4.309749
9, 20, 2016, 4.300933
9, 21, 2016, 4.300981
9, 22, 2016, 4.296815
9, 23, 2016, 4.279332
9, 24, 2016, 4.305278
9, 25, 2016, 4.299438
9, 26, 2016, 4.299438
9, 27, 2016, 4.295586
9, 28, 2016, 4.283242
9, 29, 2016, 4.300121
9, 30, 2016, 4.307308
10, 01, 2016, 4.297929
10, 02, 2016, 4.294635
10, 03, 2016, 4.295688
10, 04, 2016, 4.296917
10, 05, 2016, 4.303346
10, 06, 2016, 4.302152
10, 07, 2016, 4.284455
10, 08, 2016, 4.283933
10, 09, 2016, 4.283994
10, 10, 2016, 4.265129
10, 11, 2016, 4.285591
10, 12, 2016, 4.294524
10, 13, 2016, 4.291628
10, 14, 2016, 4.303963
10, 15, 2016, 4.302477
10, 16, 2016, 4.310586
10, 17, 2016, 4.321739
10, 18, 2016, 4.316785
10, 19, 2016, 4.309814
10, 20, 2016, 4.325394
10, 21, 2016, 4.323529
10, 22, 2016, 4.324964
10, 23, 2016, 4.324964
10, 24, 2016, 4.314554
10, 25, 2016, 4.321315
10, 26, 2016, 4.331052
10, 27, 2016, 4.336104
10, 28, 2016, 4.33171
10, 29, 2016, 4.336618
10, 30, 2016, 4.337591
10, 31, 2016, 4.312925
11, 01, 2016, 4.294982
11, 02, 2016, 4.322483
11, 03, 2016, 4.322365
11, 04, 2016, 4.330799
11, 05, 2016, 4.328377
11, 06, 2016, 4.328629
11, 07, 2016, 4.328378
11, 08, 2016, 4.336405
11, 09, 2016, 4.348364
11, 10, 2016, 4.373525
11, 11, 2016, 4.433702
11, 12, 2016, 4.421699
11, 13, 2016, 4.426096
11, 14, 2016, 4.41717
11, 15, 2016, 4.429856
11, 16, 2016, 4.446275
11, 17, 2016, 4.440696
11, 18, 2016, 4.439511
11, 19, 2016, 4.44025
11, 20, 2016, 4.440744
11, 21, 2016, 4.430134
11, 22, 2016, 4.42508
11, 23, 2016, 4.426452
11, 24, 2016, 4.422338
11, 25, 2016, 4.416385
11, 26, 2016, 4.420826
11, 27, 2016, 4.420514
11, 28, 2016, 4.429683
11, 29, 2016, 4.43615
11, 30, 2016, 4.452565
12, 01, 2016, 4.475314
12, 02, 2016, 4.49044
12, 03, 2016, 4.482236
12, 04, 2016, 4.483608
12, 05, 2016, 4.502305
12, 06, 2016, 4.467504
12, 07, 2016, 4.440216
12, 08, 2016, 4.447092
12, 09, 2016, 4.456008
12, 10, 2016, 4.438086
12, 11, 2016, 4.451092
12, 12, 2016, 4.450411
12, 13, 2016, 4.441389
12, 14, 2016, 4.42663
12, 15, 2016, 4.431242
12, 16, 2016, 4.41712
12, 17, 2016, 4.415413
12, 18, 2016, 4.415413
12, 19, 2016, 4.418086
12, 20, 2016, 4.407207
12, 21, 2016, 4.408897
12, 22, 2016, 4.41698
12, 23, 2016, 4.408892
12, 24, 2016, 4.408941
12, 25, 2016, 4.408941
12, 26, 2016, 4.4019
12, 27, 2016, 4.405134
12, 28, 2016, 4.403584
12, 29, 2016, 4.411418
12, 30, 2016, 4.407757
12, 31, 2016, 4.403837
1, 01, 2017, 4.403837
1, 02, 2017, 4.412993
1, 03, 2017, 4.392482
1, 04, 2017, 4.368416
1, 05, 2017, 4.363866
1, 06, 2017, 4.354934
1, 07, 2017, 4.356713
1, 08, 2017, 4.355448
1, 09, 2017, 4.377353
1, 10, 2017, 4.37276
1, 11, 2017, 4.376659
1, 12, 2017, 4.375078
1, 13, 2017, 4.386054
1, 14, 2017, 4.385752
1, 15, 2017, 4.38762
1, 16, 2017, 4.374623
1, 17, 2017, 4.372138
1, 18, 2017, 4.363342
1, 19, 2017, 4.367338
1, 20, 2017, 4.369848
1, 21, 2017, 4.369247
1, 22, 2017, 4.36989
1, 23, 2017, 4.370736
1, 24, 2017, 4.37161
1, 25, 2017, 4.358506
1, 26, 2017, 4.347258
1, 27, 2017, 4.330145
1, 28, 2017, 4.338698
1, 29, 2017, 4.335826
1, 30, 2017, 4.331114
1, 31, 2017, 4.322841
2, 01, 2017, 4.313359
2, 02, 2017, 4.315307
2, 03, 2017, 4.30701
2, 04, 2017, 4.304976
2, 05, 2017, 4.303004
2, 06, 2017, 4.29504
2, 07, 2017, 4.297955
2, 08, 2017, 4.312932
2, 09, 2017, 4.317472
2, 10, 2017, 4.309139
2, 11, 2017, 4.295649
2, 12, 2017, 4.295504
2, 13, 2017, 4.31285
2, 14, 2017, 4.30388
2, 15, 2017, 4.315319
2, 16, 2017, 4.31452
2, 17, 2017, 4.333714
2, 18, 2017, 4.327999
2, 19, 2017, 4.330993
2, 20, 2017, 4.314582
2, 21, 2017, 4.297184
2, 22, 2017, 4.302904
2, 23, 2017, 4.306239
2, 24, 2017, 4.317513
2, 25, 2017, 4.313992
2, 26, 2017, 4.313992
2, 27, 2017, 4.311697
2, 28, 2017, 4.311199
3, 01, 2017, 4.286522
3, 02, 2017, 4.291962
3, 03, 2017, 4.294549
3, 04, 2017, 4.302992
3, 05, 2017, 4.305224
3, 06, 2017, 4.31049
3, 07, 2017, 4.304428
3, 08, 2017, 4.304679
3, 09, 2017, 4.324083
3, 10, 2017, 4.335326
3, 11, 2017, 4.338502
3, 12, 2017, 4.336065
3, 13, 2017, 4.330507
3, 14, 2017, 4.320684
3, 15, 2017, 4.309282
3, 16, 2017, 4.296597
3, 17, 2017, 4.283776
3, 18, 2017, 4.289542
3, 19, 2017, 4.28431
3, 20, 2017, 4.273841
3, 21, 2017, 4.276653
3, 22, 2017, 4.276112
3, 23, 2017, 4.265043
3, 24, 2017, 4.262254
3, 25, 2017, 4.265307
3, 26, 2017, 4.265307
3, 27, 2017, 4.248636
3, 28, 2017, 4.237637
3, 29, 2017, 4.22267
3, 30, 2017, 4.214423
3, 31, 2017, 4.234264
4, 02, 2017, 4.235035
4, 03, 2017, 4.246918
4, 04, 2017, 4.247416
4, 05, 2017, 4.235888
4, 06, 2017, 4.233089
4, 07, 2017, 4.218275
4, 08, 2017, 4.223948
4, 09, 2017, 4.223948
4, 10, 2017, 4.238416
4, 11, 2017, 4.246618
4, 12, 2017, 4.245473
4, 13, 2017, 4.242531
4, 14, 2017, 4.245547
4, 15, 2017, 4.231539
4, 16, 2017, 4.232829
4, 17, 2017, 4.248775
4, 18, 2017, 4.233992
4, 19, 2017, 4.251979
4, 20, 2017, 4.272417
4, 21, 2017, 4.263715
4, 22, 2017, 4.263083
4, 23, 2017, 4.263304
4, 24, 2017, 4.238084
4, 25, 2017, 4.22875
4, 26, 2017, 4.228744
4, 27, 2017, 4.224646
4, 28, 2017, 4.226714
4, 29, 2017, 4.228533
4, 30, 2017, 4.226583
5, 01, 2017, 4.219258
5, 02, 2017, 4.204786
5, 04, 2017, 4.219414
5, 05, 2017, 4.206132
5, 06, 2017, 4.212796
5, 07, 2017, 4.212796
5, 08, 2017, 4.231544
5, 09, 2017, 4.231617
5, 10, 2017, 4.211303
5, 11, 2017, 4.21803
5, 12, 2017, 4.215291
5, 13, 2017, 4.213089
5, 14, 2017, 4.213991
5, 15, 2017, 4.19744
5, 16, 2017, 4.188234
5, 17, 2017, 4.185909
5, 18, 2017, 4.218204
5, 20, 2017, 4.192476
5, 21, 2017, 4.194069
5, 22, 2017, 4.200047
5, 23, 2017, 4.203293
5, 24, 2017, 4.18311
5, 25, 2017, 4.175179
5, 26, 2017, 4.182937
5, 27, 2017, 4.183433
5, 28, 2017, 4.183433
5, 29, 2017, 4.183929
5, 30, 2017, 4.172644
5, 31, 2017, 4.182706
6, 01, 2017, 4.199229
6, 02, 2017, 4.182987
6, 03, 2017, 4.184017
6, 04, 2017, 4.184017
6, 05, 2017, 4.191643
6, 06, 2017, 4.193544
6, 07, 2017, 4.210463
6, 08, 2017, 4.193616
6, 09, 2017, 4.186069
6, 10, 2017, 4.184893
6, 11, 2017, 4.184278
6, 12, 2017, 4.196701
6, 13, 2017, 4.191173
6, 14, 2017, 4.191493
6, 15, 2017, 4.232913
6, 16, 2017, 4.211425
6, 17, 2017, 4.205658
6, 18, 2017, 4.205658
6, 19, 2017, 4.213621
6, 20, 2017, 4.247635
6, 21, 2017, 4.255517
6, 22, 2017, 4.233159
6, 23, 2017, 4.222962
6, 24, 2017, 4.233535
6, 25, 2017, 4.233473
6, 26, 2017, 4.207973
6, 27, 2017, 4.232895
6, 28, 2017, 4.231515
6, 29, 2017, 4.241211
6, 30, 2017, 4.228709
7, 01, 2017, 4.231132
7, 02, 2017, 4.231132
7, 03, 2017, 4.248145
7, 04, 2017, 4.242823
7, 05, 2017, 4.237062
7, 06, 2017, 4.232021
7, 07, 2017, 4.233181
7, 08, 2017, 4.234847
7, 09, 2017, 4.234758
7, 10, 2017, 4.239284
7, 11, 2017, 4.236119
7, 12, 2017, 4.231933
7, 13, 2017, 4.224004
7, 14, 2017, 4.205956
7, 15, 2017, 4.203575
7, 16, 2017, 4.203575
7, 17, 2017, 4.207561
7, 18, 2017, 4.201596
7, 19, 2017, 4.208141
7, 20, 2017, 4.210294
7, 21, 2017, 4.263617
7, 22, 2017, 4.266373
7, 23, 2017, 4.266373
7, 24, 2017, 4.257336
7, 25, 2017, 4.258887
7, 26, 2017, 4.252594
7, 27, 2017, 4.250452
7, 28, 2017, 4.255203
7, 29, 2017, 4.256059
7, 30, 2017, 4.256059
7, 31, 2017, 4.260019
8, 01, 2017, 4.255006
8, 02, 2017, 4.254004
8, 03, 2017, 4.243246
8, 04, 2017, 4.243198
8, 05, 2017, 4.244508
8, 06, 2017, 4.245782
8, 07, 2017, 4.252365
8, 08, 2017, 4.25847
8, 09, 2017, 4.268753
8, 10, 2017, 4.283712
8, 11, 2017, 4.287487
8, 12, 2017, 4.285098
8, 13, 2017, 4.285098
8, 14, 2017, 4.284111
8, 15, 2017, 4.294856
8, 16, 2017, 4.260369
8, 17, 2017, 4.269581
8, 18, 2017, 4.27963
8, 19, 2017, 4.273794
8, 20, 2017, 4.273726
8, 21, 2017, 4.275834
8, 23, 2017, 4.285487
8, 24, 2017, 4.260893
8, 25, 2017, 4.252571
8, 26, 2017, 4.260882
8, 27, 2017, 4.260407
8, 28, 2017, 4.249888
8, 29, 2017, 4.267015
8, 30, 2017, 4.253559
8, 31, 2017, 4.251722
9, 01, 2017, 4.251839
9, 02, 2017, 4.251376
9, 03, 2017, 4.252991
9, 04, 2017, 4.241124
9, 05, 2017, 4.241517
9, 06, 2017, 4.250725
9, 07, 2017, 4.254732
9, 08, 2017, 4.24621
9, 09, 2017, 4.241392
9, 10, 2017, 4.244254
9, 11, 2017, 4.242925
9, 12, 2017, 4.259112
9, 13, 2017, 4.282266
9, 14, 2017, 4.277106
9, 15, 2017, 4.278043
9, 16, 2017, 4.277172
9, 17, 2017, 4.274997
9, 18, 2017, 4.290408
9, 19, 2017, 4.27991
9, 20, 2017, 4.271296
9, 21, 2017, 4.275522
9, 22, 2017, 4.265892
9, 23, 2017, 4.268953
9, 24, 2017, 4.268719
9, 25, 2017, 4.28189
9, 26, 2017, 4.291963
9, 27, 2017, 4.314815
9, 28, 2017, 4.3157
9, 29, 2017, 4.311491
9, 30, 2017, 4.304023
10, 01, 2017, 4.313671
10, 02, 2017, 4.31915
10, 03, 2017, 4.313593
10, 04, 2017, 4.29684
10, 05, 2017, 4.302291
10, 06, 2017, 4.311688
10, 07, 2017, 4.311478
10, 08, 2017, 4.311478
10, 09, 2017, 4.306381
10, 10, 2017, 4.288209
10, 11, 2017, 4.269632
10, 12, 2017, 4.269197
10, 14, 2017, 4.246488
10, 15, 2017, 4.247235
10, 16, 2017, 4.232327
10, 17, 2017, 4.233753
10, 18, 2017, 4.232322
10, 19, 2017, 4.236046
10, 20, 2017, 4.232366
10, 21, 2017, 4.235476
10, 22, 2017, 4.234263
10, 23, 2017, 4.222536
10, 24, 2017, 4.246122
10, 25, 2017, 4.243281
10, 26, 2017, 4.253387
10, 27, 2017, 4.24649
10, 28, 2017, 4.247034
10, 29, 2017, 4.248163
10, 30, 2017, 4.246864
10, 31, 2017, 4.241822
11, 01, 2017, 4.237723
11, 02, 2017, 4.236289
11, 03, 2017, 4.244894
11, 04, 2017, 4.244392
11, 05, 2017, 4.244324
11, 06, 2017, 4.242137
11, 07, 2017, 4.245679
11, 08, 2017, 4.234948
11, 09, 2017, 4.232879
11, 10, 2017, 4.226931
11, 11, 2017, 4.23059
11, 12, 2017, 4.23059
11, 13, 2017, 4.237609
11, 14, 2017, 4.248031
11, 15, 2017, 4.245314
11, 16, 2017, 4.237129
11, 17, 2017, 4.237172
11, 18, 2017, 4.233554
11, 19, 2017, 4.23571
11, 20, 2017, 4.233621
11, 21, 2017, 4.216764
11, 22, 2017, 4.206348
11, 23, 2017, 4.207639
11, 24, 2017, 4.208526
11, 25, 2017, 4.209387
11, 26, 2017, 4.209387
11, 27, 2017, 4.207056
11, 28, 2017, 4.20493
11, 29, 2017, 4.201421
11, 30, 2017, 4.202568
12, 01, 2017, 4.214939
12, 02, 2017, 4.214424
12, 03, 2017, 4.212513
12, 04, 2017, 4.203756
12, 05, 2017, 4.206509
12, 06, 2017, 4.215418
12, 07, 2017, 4.2108
12, 08, 2017, 4.200084
12, 09, 2017, 4.200296
12, 11, 2017, 4.206046
12, 12, 2017, 4.210844
12, 13, 2017, 4.216656
12, 14, 2017, 4.22373
12, 15, 2017, 4.211249
12, 16, 2017, 4.205248
12, 17, 2017, 4.208277
12, 18, 2017, 4.200759
12, 19, 2017, 4.200108
12, 20, 2017, 4.201486
12, 21, 2017, 4.196037
12, 22, 2017, 4.190208
12, 23, 2017, 4.189906
12, 24, 2017, 4.189906
12, 25, 2017, 4.199228
12, 26, 2017, 4.197876
12, 27, 2017, 4.189716
12, 28, 2017, 4.17923
12, 29, 2017, 4.175531
12, 30, 2017, 4.17522
12, 31, 2017, 4.17639
1, 01, 2018, 4.17718
1, 02, 2018, 4.163081
1, 03, 2018, 4.15693
1, 04, 2018, 4.150873
1, 05, 2018, 4.152166
1, 06, 2018, 4.153133
1, 07, 2018, 4.152691
1, 08, 2018, 4.170211
1, 09, 2018, 4.184261
1, 10, 2018, 4.175974
1, 11, 2018, 4.1693
1, 12, 2018, 4.168745
1, 13, 2018, 4.170641
1, 14, 2018, 4.170641
1, 15, 2018, 4.176712
1, 16, 2018, 4.170919
1, 17, 2018, 4.170913
1, 18, 2018, 4.164391
1, 19, 2018, 4.174106
1, 20, 2018, 4.173095
1, 21, 2018, 4.173095
1, 22, 2018, 4.168772
1, 23, 2018, 4.169865
1, 24, 2018, 4.148432
1, 25, 2018, 4.137302
1, 26, 2018, 4.134203
1, 27, 2018, 4.131043
1, 28, 2018, 4.131043
1, 29, 2018, 4.142775
1, 30, 2018, 4.158267
1, 31, 2018, 4.150491
2, 01, 2018, 4.153852
2, 02, 2018, 4.166302
2, 03, 2018, 4.170276
2, 04, 2018, 4.170276
2, 05, 2018, 4.150054
2, 06, 2018, 4.166346
2, 07, 2018, 4.163367
2, 08, 2018, 4.186978
2, 09, 2018, 4.193686
2, 10, 2018, 4.185433
2, 11, 2018, 4.185433
2, 12, 2018, 4.173319
2, 13, 2018, 4.168382
2, 14, 2018, 4.168574
2, 15, 2018, 4.15949
2, 16, 2018, 4.162437
2, 17, 2018, 4.156942
2, 18, 2018, 4.156942
2, 19, 2018, 4.134394
2, 20, 2018, 4.148118
2, 21, 2018, 4.172059
2, 22, 2018, 4.17781
2, 23, 2018, 4.171687
2, 24, 2018, 4.168767
2, 25, 2018, 4.168767
2, 26, 2018, 4.169143
2, 27, 2018, 4.167814
2, 28, 2018, 4.176029
3, 01, 2018, 4.183184
3, 02, 2018, 4.194947
3, 03, 2018, 4.188583
3, 04, 2018, 4.188583
3, 05, 2018, 4.190277
3, 06, 2018, 4.185825
3, 07, 2018, 4.205845
3, 08, 2018, 4.20637
3, 09, 2018, 4.192515
3, 10, 2018, 4.194964
3, 11, 2018, 4.194964
3, 12, 2018, 4.205453
3, 13, 2018, 4.21269
3, 14, 2018, 4.198178