36.838
39.197
37.092
38.761
37.962
37.128
37.382
37.382
37.164
37.164
36.655
37.128
36.946
36.438
35.93
36.655
37.818
37.745
37.491
36.802
36.692
37.019
37.019
36.946
37.092
36.692
36.729
36.584
36.475
36.402
36.292
36.292
36.241
35.784
35.567
36.292
36.042
35.638
35.784
36.105
35.713
35.204
34.079
34.842
35.567
35.204
35.567
35.059
35.109
34.842
34.842
34.877
34.696
34.914
35.218
35.422
35.138
34.848
34.986
34.995
35.567
35.567
35.131
34.986
34.986
34.842
34.986
35.169
34.914
35.204
34.95
34.842
34.551
34.516
34.181
34.137
34.202
34.225
34.158
34.123
34.195
34.217
34.144
34.064
33.389
32.743
32.083
32.556
32.861
33.171
33.426
33.898
34.442
34.66
34.69
35.567
35.422
35.204
35.169
35.493
35.313
35.348
35.458
35.437
35.567
35.43
34.842
35.567
35.748
36.329
37.019
37.891
36.185
37.054
37.019
36.402
36.329
35.93
36.29
36.292
36.584
36.329
36.185
36.024
36.619
36.729
36.619
37.6
37.672
38.325
37.745
38.254
38.254
38.18
37.926
37.962
37.527
37.6
37.962
38.144
38.688
38.47
38.398
38.216
38.106
38.183
38.183
38.47
38.216
37.999
38.071
37.966
37.743
37.454
37.238
37.019
36.946
37.162
37.015
37.487
37.602
37.743
37.743
37.997
38.074
37.602
39.364
39.48
39.095
38.398
38.786
38.631
38.244
37.472
37.548
37.472
37.927
38.444
38.244
38.244
37.548
37.472
37.703
37.857
37.085
36.344
34.072
33.608
32.535
32.365
31.6
34.567
35.733
35.879
35.927
32.875
32.681
33.076
33.539
33.493
32.914
32.527
33.067
34.05
36.312
35.231
33.917
33.377
33.578
33.686
33.107
31.955
31.677
31.832
32.188
32.952
32.99
32.45
33.608
32.851
32.914
32.527
33.354
33.855
33.107
32.836
32.696
32.836
32.147
32.495
33.532
33.996
34.15
33.917
33.762
33.076
33.223
33.608
33.996
34.42
34.404
34.651
35.464
34.381
34.931
35.154
35.362
32.952
33.469
34.11
33.996
33.462
34.157
33.453
33.57
33.462
32.836
32.62
32.45
31.832
30.186
29.9
29.606
28.88
29.165
29.722
28.741
29.32
29.507
30.132
30.673
30.649
30.827
30.132
30.132
30.024
29.244
28.355
27.814
27.659
26.887
27.257
27.845
27.729
27.729
27.427
27.235
26.963
27.427
27.961
27.659
27.235
27.042
27.18
27.042
27.011
27.196
27.892
29.268
29.359
29.352
29.444
29.676
30.24
30.132
30.209
30.287
30.904
31.287
31.252
31.987
32.142
31.862
32.256
32.99
33.716
33.453
32.566
32.372
32.381
32.063
31.84
32.142
32.179
31.677
31.252
31.345
32.442
32.828
32.605
32.226
31.893
31.948
31.908
30.812
31.066
31.908
31.987
32.04
32.666
32.759
32.759
32.65
32.372
31.514
31.608
31.291
31.368
31.832
31.724
31.724
32.066
31.677
31.368
31.291
30.866
30.634
30.209
29.94
30.201
29.575
29.336
29.437
29.05
28.974
29.189
28.548
28.509
28.432
28.818
29.479
29.807
30.062
29.127
29.513
29.352
29.398
29.437
28.509
27.436
26.655
25.875
25.782
27.033
28.348
28.084
28.007
27.69
27.505
28.161
27.991
28.049
28.765
28.88
28.587
27.486
27.427
28.594
28.202
28.509
28.71
29.358
30.334
30.425
30.44
29.668
28.893
28.741
29.053
29.086
29.744
29.358
29.503
29.053
29.527
29.319
29.319
28.707
28.507
28.644
28.628
28.403
28.603
28.491
28.442
28.434
28.442
28.266
28.041
28.121
28.209
28.202
28.193
28.121
27.317
27.744
27.117
27.077
27.317
27.317
27.543
27.238
27.317
27.069
26.595
26.917
27.077
26.957
27.551
27.679
27.479
27.397
27.317
27.277
27.31
27.317
27.238
27.238
27.077
26.474
26.723
27.431
28.442
29.205
28.908
29.326
29.527
29.736
29.857
29.776
29.953
29.727
29.046
29.198
28.885
28.933
29.013
29.808
29.848
29.744
29.736
29.527
29.527
29.568
29.616
29.406
29.173
29.247
30.129
29.928
29.833
29.727
29.568
29.487
30.387
30.37
30.331
30.049
30.331
29.968
30.129
30.556
30.572
30.5
30.692
30.331
29.687
29.568
29.56
29.535
29.568
29.687
29.527
29.086
28.925
29.086
29.046
29.07
29.086
29.487
29.568
29.727
29.744
29.905
29.968
29.406
29.165
29.205
29.165
29.165
29.086
29.165
29.198
29.463
30.411
29.897
30.853
31.127
31.657
31.311
31.175
31.335
31.094
31.118
31.254
31.367
31.464
31.175
32.178
31.946
31.899
31.721
31.367
31.352
30.709
30.933
31.134
30.893
31.479
32.219
32.934
33.344
33.439
33.328
33.36
33.038
33.262
33.584
34.283
33.584
33.303
33.103
32.661
32.942
33.103
33.464
33.409
33.409
33.745
33.569
33.554
33.625
33.473
33.504
33.409
33.433
33.4
33.745
33.922
33.745
33.344
33.223
32.951
32.806
32.38
32.219
31.858
32.058
31.858
31.376
31.583
31.318
30.933
31.134
31.022
31.352
31.496
31.737
31.809
31.182
30.756
30.853
31.4
31.376
30.701
30.611
29.808
29.922
30.576
30.451
31.657
31.472
31.818
32.371
31.335
31.464
31.938
32.419
32.757
32.46
32.46
32.54
32.34
32.589
32.661
32.211
32.781
32.748
32.387
32.982
32.822
32.871
33.068
33.352
33.247
33.352
33.103
33.087
32.371
32.942
32.945
33.384
33.183
31.493
32.942
33.421
33.986
32.864
31.818
30.731
31.338
31.329
31.255
30.936
30.944
31.338
31.314
31.821
31.518
31.297
31.314
31.288
31.165
31.461
32.346
32.666
32.642
32.149
32.232
32.075
31.821
31.658
30.181
29.73
30.304
30.51
30.108
30.148
30.345
30.427
30.157
30.181
31.231
31.076
31.411
31.042
30.796
31.165
31.198
31.28
30.387
30.206
30.427
30.05
30.263
30.707
29.936
28.722
30.108
30.345
30.837
30.796
31.338
30.796
30.633
30.551
30.755
30.854
30.624
30.354
30.755
30.78
31.165
31.445
31.165
31.083
31.576
31.821
31.977
31.781
31.912
32.068
32.404
32.855
33.381
34.085
34.447
34.447
35.372
36.185
35.676
35.455
35.365
35.938
36.086
36.586
36.66
36.291
36.456
35.701
35.922
35.685
34.774
34.454
34.708
34.864
35.84
36.086
35.922
36.086
36.086
35.799
35.594
35.513
35.266
34.979
35.119
34.791
33.543
33.298
33.209
33.543
34.447
34.241
34.651
34.118
33.806
33.298
32.913
32.815
32.167
33.215
33.381
34.447
34.037
34.168
33.626
32.79
32.043
31.977
31.74
31.74
31.97
32.149
32.232
32.043
32.395
33.011
32.806
32.24
32.198
32.321
32.395
32.133
31.994
32.075
32.084
32.075
32.075
32.395
32.781
32.198
32.806
32.806
32.969
32.806
32.781
32.601
32.542
32.191
31.821
32.149
31.994
31.821
31.986
31.329
30.772
32.002
31.92
31.986
31.821
31.255
31.248
30.551
30.345
30.026
30.272
29.985
29.861
29.976
31.248
31.329
31.248
31.862
31.781
31.821
32.149
32.248
32.281
32.642
31.797
31.264
31.51
32.075
32.298
31.903
31.986
31.264
31.248
31.346
31.535
31.354
31.354
31.174
30.944
31.198
31.083
31.009
30.674
30.51
30.255
30.181
29.854
29.779
30.181
30.164
30.247
30.181
30.148
30.181
30.222
30.559
30.723
30.492
30.263
30.017
29.96
30.304
30.682
30.92
31.083
31.411
31.97
32.035
32.109
32.395
31.986
31.714
31.862
31.97
31.862
31.994
32.149
32.026
31.986
31.74
31.231
31.338
31.273
31.165
30.887
31.002
31.165
31.002
30.755
30.51
30.633
30.468
30.354
30.345
30.115
30.189
30.345
30.592
30.427
30.017
30.329
30.173
30.026
29.647
29.271
29.673
30.138
30.367
30.706
30.206
30.706
30.791
30.46
31.045
30.62
31.189
31.384
31.452
31.384
31.146
31.214
31.384
31.639
31.681
31.944
31.936
31.731
31.978
32.147
32.147
32.072
32.123
32.351
32.283
32.445
32.351
32.783
33.056
33.089
32.995
33.463
33.234
33.166
32.97
32.665
31.808
32.105
31.893
32.037
32.147
32.232
32.377
31.936
31.555
31.223
31.435
31.639
31.775
31.639
31.562
31.757
32.123
32.385
32.309
32.488
32.173
32.232
33.504
36.305
37.118
37.067
37.492
38.043
38.314
38.399
38.297
38.425
38.187
38.594
38.518
38.527
38.934
39.281
39.23
39.307
39.146
39.383
39.883
40.714
40.13
39.57
38.96
38.153
38.356
38.271
38.17
38.17
38.17
38.17
37.916
36.346
36.474
36.982
36.643
37.533
37.933
38.17
38.551
38.602
38.085
38.179
38
37.881
37.661
37.238
37.195
37.11
37.084
36.855
36.897
36.897
36.812
37.339
37.508
37.322
37.754
39.434
39.018
39.044
39.12
39.162
39.951
39.782
39.655
39.57
39.061
37.966
39.442
39.773
39.57
39.782
39.79
39.858
40.036
40.714
40.884
41.173
40.8
41.86
41.995
41.995
41.937
41.351
41.231
41.393
41.241
41.988
41.563
41.436
41.563
41.572
41.834
41.903
42.157
42.216
42.267
42.03
41.647
40.732
40.926
41.266
41.309
41.572
41.766
41.69
41.487
41.732
41.682
41.69
41.817
41.657
41.995
41.953
41.657
41.444
41.147
41.156
41.122
40.919
41.563
41.8
42.004
42.411
42.19
42.242
43.09
42.496
42.411
42.581
42.624
43.175
43.268
44.201
43.896
44.633
43.259
43.047
44.447
43.794
43.268
43.692
43.887
43.259
42.368
42.411
41.988
42.004
42.267
41.563
41.563
41.698
42.361
41.91
41.783
42.165
41.563
41.403
41.309
40.8
39.968
40.138
40.376
39.782
39.79
39.875
40.697
40.019
40.002
41.012
41.567
41.577
42.111
42.459
42.495
42.424
42.87
43.272
42.825
42.879
42.603
42.646
43.378
43.458
43.628
42.477
43.307
45.386
45.752
46.144
45.136
44.654
44.28
44.609
44.432
43.182
42.87
42.031
42.745
41.888
39.167
39.185
39.748
39.792
40.452
39.346
38.454
39.033
38.837
38.926
39.614
40.14
40.247
39.748
39.658
39.748
39.48
39.435
39.301
38.918
39.212
38.953
37.927
37.713
36.045
34.331
34.331
34.242
35.233
35.241
37.115
36.045
35.241
34.786
34.617
34.358
33.903
33.921
33.903
33.939
34.411
35.893
35.589
35.866
35.866
35.956
35.688
36.116
36.17
36.705
36.58
36.401
36.812
37.204
36.669
36.803
36.411
36.607
35.42
36.08
37.025
37.025
37.035
38.088
37.785
36.321
36.267
37.231
36.232
36.428
36.625
36.5
36.304
34.18
34.617
33.636
32.967
32.619
31.423
30.914
31.342
31.227
31.227
31.342
31.548
31.449
31.361
31.449
31.628
32.03
31.717
31.405
31.227
30.691
30.129
31.468
32.03
32.119
31.78
32.075
31.861
30.798
31.093
31.031
30.683
30.557
30.825
31.128
30.798
31.12
31.227
30.87
30.709
30.86
30.442
30.361
30.424
29.888
30.487
30.62
30.753
31.941
31.593
31.227
32.102
33.235
33.19
33.69
34.617
34.43
34.438
33.814
33.636
33.449
33.546
33.867
33.752
33.466
34.572
34.671
34.697
35.688
36.491
37.089
35.598
34.84
35.152
34.796
34.796
34.796
34.849
34.697
34.162
33.814
33.975
35.429
34.858
34.974
34.475
34.84
35.777
35.482
35.544
34.974
34.26
34.26
33.814
33.797
34.171
33.921
33.627
33.663
34.117
33.993
33.69
33.449
32.253
32.582
33.163
33.243
33.297
33.797
33.493
33.064
33.02
32.94
32.556
32.368
32.422
32.298
32.298
31.896
31.155
30.959
30.335
30.656
30.335
31.155
30.335
29.558
29.657
29.433
28.925
28.104
28.684
28.996
28.916
29.513
28.104
29.086
28.568
28.551
29.443
29.451
29.335
28.747
28.952
28.47
29.246
29.442
29.621
29.844
29.692
29.79
30.834
32.03
31.552
31.361
31.246
30.863
31.112
31.265
31.934
32.412
32.508
32.269
32.078
32.039
32.221
32.766
32.776
33.072
32.986
32.938
33.101
33.368
33.416
33.531
33.474
33.655
33.607
33.301
34.019
34.009
33.942
33.703
33.33
33.502
33.368
33.932
34.162
34.181
34.143
34.544
34.783
34.86
35.214
35.797
36.332
36.571
36.237
36.428
36.514
36.332
36.218
36.151
35.902
35.663
35.711
35.481
35.185
34.42
35.156
34.468
34.831
34.621
34.803
34.831
35.08
35.032
35.386
36.715
37.288
37.288
37.288
37.967
37.766
37.594
37.413
37.25
36.619
36.361
36.332
36.361
35.854
36.38
36.418
36.342
36.237
36.045
35.376
35.357
35.615
35.912
36.007
35.778
35.663
35.854
35.386
35.481
35.281
35.529
35.806
35.806
37.135
36.896
37.097
36.82
37.47
37.862
38.158
38.139
37.346
37.585
37.394
37.786
38.044
37.939
37.872
37.881
37.929
37.547
38.101
38.617
38.923
39.698
40.654
41.591
40.692
40.721
41.247
40.73
41.103
40.73
42.165
43.981
45.425
45.415
44.172
43.025
42.91
42.662
43.025
43.025
43.054
43.962
43.981
44.029
46.467
45.893
45.798
45.415
44.937
44.842
45.511
45.215
45.454
45.702
45.798
45.377
45.626
45.415
45.415
45.702
44.603
44.517
44.125
43.991
43.532
43.503
42.7
43.866
43.379
43.503
43.216
43.513
42.26
43.025
43.847
42.547
42.471
42.748
42.451
42.356
42.356
41.639
41.83
42.69
42.518
42.451
42.977
42.977
42.824
42.643
42.834
43.025
43.025
43.025
42.929
43.981
43.962
43.608
43.408
43.178
43.494
43.972
46.314
45.893
45.339
46.046
45.607
45.339
45.893
44.584
44.316
44.918
45.186
44.364
44.641
44.278
44.268
43.847
44.555
44.287
44.689
46.429
46.974
46.869
46.037
46.046
46.983
45.635
45.415
45.033
44.163
44.909
46.161
46.859
46.477
45.425
45.693
45.913
46.085
46.285
46.563
46.85
47.146
46.859
46.859
47.003
46.783
46.4767
46.6679
46.71
46.85
47.5
47.02
46.67
46.5
46
46.67
47.01
46.71
47.11
47
46.95
46.51
46.1
46.5
45.5
45.25
45.15
45.06
44.5
44.1
45.02
45.23
45.75
45.35
46.01
45.82
45.9
45.91
46.1
46.41
46
47
46.71
46.46
46.4
46.29
45.92
45.82
46.16
46.01
46.19
45.61
45.6
45.55
45.8
45.62
45.21
45.17
45
44.65
44.6
44
43.98
44.6
44.42
45.01
44.6
44.25
44.95
45
45.17
45.9
47.01
47.85
49.51
49.61
47.33
46.95
47.52
47.9
46.46
45.73
45.15
45.71
46.48
46
45.2
44.51
44.56
44.31
43.65
43.7
43.51
43.2
42.5
42.83
42.19
42.85
43.89
44.02
44.39
43.92
43.35
44
44.4
42.56
43.6
43.21
43.31
43.28
43.75
43.55
43.6
43.65
44.48
44.13
43.91
45.47
45
44.5
44.46
44.35
43.56
43.86
44.82
47
45.75
45.5
45.4
45.4
46.3
46.55
47.3
47.55
47.05
47.15
46.85
47.65
47.7
48
48.1
47.2
47.45
47.45
47.1
47.25
47.6
47
46
44
44.7
44.3
44.2
44.8
44.9
45.3
45.1
45.65
46
46.05
46
44.95
45.1
44.9
44.9
44.3
44.5
44.25
44
43.75
43.75
43.85
43.2
44.45
43.85
43.85
43.9
43.7
